4.712123429347231385e-01 5.326321123764909959e-01 8.320999999999999508e-01 8.062000000000000277e-01
5.144401831284886040e-01 6.002345191395382917e-01 8.224000000000000199e-01 7.922000000000000153e-01
4.173076223038444388e-01 5.035500813479617532e-01 8.518000000000000016e-01 8.215999999999999970e-01
3.738226931151334420e-01 4.762717124031207172e-01 8.579999999999999849e-01 8.344000000000000306e-01
3.447334684239528602e-01 4.548791526983163025e-01 8.725000000000000533e-01 8.364000000000000323e-01
3.971646302689476049e-01 5.320355928923640176e-01 8.438999999999999835e-01 8.074000000000000066e-01
3.683335823784967822e-01 4.964716062874673375e-01 8.661999999999999700e-01 8.322000000000000508e-01
2.925830814503724286e-01 4.439997680046005590e-01 8.931000000000000050e-01 8.449999999999999734e-01
3.378879336569164393e-01 5.027450191343133534e-01 8.647000000000000242e-01 8.219999999999999529e-01
3.159502081708006060e-01 4.710862734856232081e-01 8.826000000000000512e-01 8.467999999999999972e-01
2.866869566598049812e-01 4.429179592895043371e-01 8.973999999999999755e-01 8.518000000000000016e-01
2.809656037813894058e-01 4.587265745916225823e-01 8.941999999999999948e-01 8.456000000000000183e-01
3.045072970705616222e-01 4.877737876664429706e-01 8.831999999999999851e-01 8.302000000000000490e-01
3.020673310816242019e-01 4.884534679423860326e-01 8.850000000000000089e-01 8.377999999999999892e-01
2.523257788500705701e-01 4.370300186670425524e-01 9.032999999999999918e-01 8.518000000000000016e-01
2.827198597565794280e-01 4.878691491168831162e-01 8.992999999999999883e-01 8.449999999999999734e-01
2.813274981015360110e-01 4.984391456960056699e-01 8.951999999999999957e-01 8.322000000000000508e-01
3.330383152330133045e-01 5.226387526088297486e-01 8.773999999999999577e-01 8.225999999999999979e-01
2.715597761626367124e-01 4.879494039264019034e-01 8.973999999999999755e-01 8.366000000000000103e-01
2.331902785748714846e-01 4.305324005490152595e-01 9.157999999999999474e-01 8.539999999999999813e-01
2.564861441083680083e-01 4.725871536987221733e-01 9.044999999999999707e-01 8.444000000000000394e-01
2.557355109557059025e-01 4.467456844111721836e-01 9.084999999999999742e-01 8.559999999999999831e-01
2.940217650124660187e-01 5.319694151624488887e-01 8.866000000000000547e-01 8.259999999999999565e-01
2.944802373205747115e-01 5.057614950156587019e-01 8.854999999999999538e-01 8.272000000000000464e-01
2.259336989131604800e-01 4.429690563036671191e-01 9.173000000000000043e-01 8.514000000000000457e-01
2.633518282792011167e-01 4.842946399066891949e-01 9.019000000000000350e-01 8.421999999999999487e-01
2.343928296774656361e-01 4.661577209913133624e-01 9.120000000000000329e-01 8.449999999999999734e-01
2.162787154642543119e-01 4.366745327000295385e-01 9.204999999999999849e-01 8.519999999999999796e-01
2.641415482217449595e-01 4.660483590308632240e-01 8.994999999999999662e-01 8.346000000000000085e-01
2.035254718080103387e-01 4.551276192098452356e-01 9.240000000000000435e-01 8.506000000000000227e-01
2.619879660759181217e-01 5.165760106347017100e-01 9.021000000000000130e-01 8.381999999999999451e-01
1.979185459579136663e-01 4.482396445993005463e-01 9.255999999999999783e-01 8.548000000000000043e-01
2.371954194608711097e-01 5.237667719514205178e-01 9.116999999999999549e-01 8.416000000000000147e-01
2.343926758501043983e-01 4.423402778384011302e-01 9.169000000000000483e-01 8.487999999999999989e-01
2.325537181099509854e-01 4.882954173865425296e-01 9.163000000000000034e-01 8.444000000000000394e-01
2.221734188693515466e-01 4.600164609930780246e-01 9.145999999999999686e-01 8.516000000000000236e-01
2.074467344537671010e-01 4.673338187813756983e-01 9.229000000000000536e-01 8.459999999999999742e-01
2.354380304031218618e-01 5.025057641432206790e-01 9.064999999999999725e-01 8.377999999999999892e-01
1.955564037975973113e-01 4.616177459425653273e-01 9.255999999999999783e-01 8.586000000000000298e-01
2.247357694483344825e-01 4.930549210865552423e-01 9.180000000000000382e-01 8.461999999999999522e-01
2.940395368206326632e-01 5.547021584818455642e-01 8.928000000000000380e-01 8.237999999999999767e-01
2.369118941126284461e-01 5.182768460483343498e-01 9.096999999999999531e-01 8.474000000000000421e-01
2.711303382949876162e-01 5.484485840869212092e-01 8.891999999999999904e-01 8.217999999999999750e-01
2.015489389844191959e-01 4.567875219306108403e-01 9.264999999999999902e-01 8.538000000000000034e-01
2.446848987396942066e-01 5.063801794507122311e-01 9.023999999999999799e-01 8.366000000000000103e-01
3.141227862405375770e-01 6.129134347187490395e-01 8.858000000000000318e-01 8.135999999999999899e-01
1.793989510951575495e-01 4.726525012847830887e-01 9.336999999999999744e-01 8.588000000000000078e-01
2.291222344258123378e-01 4.497216681854974696e-01 9.172000000000000153e-01 8.469999999999999751e-01
1.979473100606393976e-01 4.966765596280416362e-01 9.243000000000000105e-01 8.497999999999999998e-01
2.472711559357226585e-01 5.398465708418103137e-01 9.052999999999999936e-01 8.304000000000000270e-01
2.926438873250740147e-01 5.701753395387717527e-01 8.920000000000000151e-01 8.207999999999999741e-01
2.409632552546860096e-01 4.991451204880892889e-01 9.035999999999999588e-01 8.424000000000000377e-01
1.905734661038720190e-01 4.331251772873203620e-01 9.283000000000000140e-01 8.609999999999999876e-01
1.916823618760780945e-01 4.589795620714046676e-01 9.283000000000000140e-01 8.566000000000000281e-01
2.665847484644817134e-01 5.551008522455734839e-01 9.034999999999999698e-01 8.294000000000000261e-01
1.534347982021951606e-01 4.269288398718329436e-01 9.434000000000000163e-01 8.661999999999999700e-01
1.717557161221058004e-01 4.731112895715569033e-01 9.334999999999999964e-01 8.606000000000000316e-01
2.080822008621839025e-01 5.365668740253025648e-01 9.206999999999999629e-01 8.456000000000000183e-01
1.968226677865176910e-01 4.975569576009207795e-01 9.268999999999999462e-01 8.531999999999999584e-01
1.838336650716486109e-01 5.096806075132611635e-01 9.294000000000000039e-01 8.477999999999999980e-01
1.727163367314864806e-01 4.759184491926542471e-01 9.364999999999999991e-01 8.588000000000000078e-01
1.854055086684044118e-01 5.003335362813078335e-01 9.301000000000000378e-01 8.544000000000000483e-01
2.182140615999972055e-01 5.225957028802091786e-01 9.163000000000000034e-01 8.521999999999999575e-01
2.355868416656228814e-01 5.259062183459598527e-01 9.108000000000000540e-01 8.374000000000000332e-01
2.012871908814840571e-01 5.039040505835088446e-01 9.201000000000000290e-01 8.441999999999999504e-01
1.914845921893328917e-01 4.853673478013050824e-01 9.290000000000000480e-01 8.479999999999999760e-01
2.167760260480894041e-01 5.326803079668529506e-01 9.201000000000000290e-01 8.467999999999999972e-01
1.913604614810777427e-01 4.892551057659307867e-01 9.290000000000000480e-01 8.429999999999999716e-01
1.847348009358466547e-01 4.791966818927076988e-01 9.324000000000000066e-01 8.559999999999999831e-01
2.306842243618292265e-01 5.372296068299815541e-01 9.121000000000000218e-01 8.369999999999999662e-01
2.184145854179037893e-01 5.322854641679150012e-01 9.179000000000000492e-01 8.426000000000000156e-01
2.404181020510942346e-01 5.267282055090336534e-01 9.066999999999999504e-01 8.427999999999999936e-01
1.919779224996706612e-01 4.944054701587792811e-01 9.294000000000000039e-01 8.474000000000000421e-01
1.872225728201520611e-01 4.861488165171283793e-01 9.264000000000000012e-01 8.499999999999999778e-01
1.576412236272328182e-01 5.024854412147736760e-01 9.423000000000000265e-01 8.551999999999999602e-01
1.778845289898272897e-01 5.288782482275271590e-01 9.335999999999999854e-01 8.529999999999999805e-01
1.696345835350604458e-01 5.095681204842202883e-01 9.356999999999999762e-01 8.524000000000000465e-01
1.708555458620028555e-01 4.462330963354898539e-01 9.375000000000000000e-01 8.604000000000000536e-01
1.986058547247692707e-01 5.343381420556746475e-01 9.282000000000000250e-01 8.439999999999999725e-01
2.078904067514286136e-01 5.398091519119593285e-01 9.215999999999999748e-01 8.467999999999999972e-01
1.450374734021396272e-01 4.610453952007889655e-01 9.477999999999999758e-01 8.611999999999999655e-01
1.623360799948965760e-01 4.864409950170769936e-01 9.428999999999999604e-01 8.628000000000000114e-01
2.117268517326426625e-01 5.401238173333772208e-01 9.230000000000000426e-01 8.417999999999999927e-01
1.837053198122333142e-01 5.438677409458204659e-01 9.337999999999999634e-01 8.508000000000000007e-01
2.072355078722545874e-01 5.426435107466904828e-01 9.214999999999999858e-01 8.417999999999999927e-01
2.253716941569899046e-01 4.937756674068281559e-01 9.124999999999999778e-01 8.332000000000000517e-01
1.592044790504233420e-01 5.116332074914936578e-01 9.396999999999999797e-01 8.601999999999999647e-01
2.899814871562294560e-01 5.904393673838632672e-01 8.942999999999999838e-01 8.256000000000000005e-01
2.039079985738163348e-01 4.909410247897656454e-01 9.207999999999999519e-01 8.454000000000000403e-01
2.200340631481892961e-01 5.105587252309191637e-01 9.043999999999999817e-01 8.296000000000000041e-01
1.696423556859335269e-01 5.052557981730584347e-01 9.396999999999999797e-01 8.511999999999999567e-01
1.972906424620663457e-01 5.391338909895176945e-01 9.261000000000000343e-01 8.467999999999999972e-01
1.833693008451400541e-01 5.035180477348426553e-01 9.286999999999999700e-01 8.564000000000000501e-01
1.918307119648959558e-01 4.685524635175694064e-01 9.267999999999999572e-01 8.449999999999999734e-01
1.554712123334092144e-01 4.809965633691571374e-01 9.475000000000000089e-01 8.556000000000000272e-01
1.764550082431915468e-01 5.435713774180948032e-01 9.405000000000000027e-01 8.519999999999999796e-01
1.843338226336177221e-01 5.185066450144218964e-01 9.323000000000000176e-01 8.521999999999999575e-01
2.011772883484584662e-01 5.025505233517056913e-01 9.308999999999999497e-01 8.484000000000000430e-01
1.340380129857161318e-01 4.625868063298097521e-01 9.513000000000000345e-01 8.671999999999999709e-01
1.958924895550619716e-01 4.908946843833024154e-01 9.251000000000000334e-01 8.494000000000000439e-01
2.533108830769980058e-01 5.324928892495689459e-01 9.022999999999999909e-01 8.317999999999999838e-01
2.005692917932951069e-01 4.950851199090053334e-01 9.179000000000000492e-01 8.357999999999999874e-01
2.368894537126925437e-01 5.540367340843247446e-01 9.166999999999999593e-01 8.437999999999999945e-01
2.810307050241482307e-01 6.036862185404717751e-01 9.003999999999999782e-01 8.229999999999999538e-01
1.941078703727950050e-01 5.588389209045003803e-01 9.294000000000000039e-01 8.457999999999999963e-01
3.267825253899363513e-01 6.493721195492420106e-01 9.029000000000000359e-01 8.287999999999999812e-01
1.653594169616490750e-01 5.225883890003252263e-01 9.384000000000000119e-01 8.599999999999999867e-01
1.997183796455517246e-01 5.006086613585636336e-01 9.264000000000000012e-01 8.477999999999999980e-01
2.100086408386134251e-01 5.258792860097321054e-01 9.203000000000000069e-01 8.504000000000000448e-01
2.373392994893752661e-01 6.253550688277720315e-01 9.115999999999999659e-01 8.307999999999999829e-01
1.940536545504657207e-01 5.362049938856447984e-01 9.297999999999999599e-01 8.486000000000000210e-01
2.073454072289617200e-01 5.428193456736846167e-01 9.202000000000000179e-01 8.384000000000000341e-01
1.696093979661117412e-01 4.938862146859980262e-01 9.376999999999999780e-01 8.514000000000000457e-01
1.399756986249005575e-01 4.567750800094800279e-01 9.466999999999999860e-01 8.673999999999999488e-01
1.383406263510206791e-01 4.861023096566518542e-01 9.498999999999999666e-01 8.656000000000000361e-01
1.810305726126519299e-01 4.856415451697010943e-01 9.314999999999999947e-01 8.529999999999999805e-01
1.731257616186389348e-01 4.945959884248286587e-01 9.325999999999999845e-01 8.449999999999999734e-01
1.683768950222800931e-01 4.689888915190793539e-01 9.402000000000000357e-01 8.497999999999999998e-01
1.496257457152826986e-01 4.849674252230088412e-01 9.449999999999999512e-01 8.548000000000000043e-01
2.748068479221327798e-01 5.764447285249779673e-01 8.900000000000000133e-01 8.165999999999999925e-01
3.856074149035783605e-01 6.361573551862811371e-01 8.569999999999999840e-01 7.927999999999999492e-01
2.335302363041466822e-01 5.231835271900902029e-01 9.089000000000000412e-01 8.369999999999999662e-01
1.865034845510203376e-01 4.990007947071466443e-01 9.250000000000000444e-01 8.494000000000000439e-01
1.582694458354634293e-01 4.894972445302026021e-01 9.397999999999999687e-01 8.604000000000000536e-01
1.948925834917132338e-01 5.176736632707686914e-01 9.306999999999999718e-01 8.494000000000000439e-01
1.925162935159357158e-01 5.046345207903806251e-01 9.294000000000000039e-01 8.508000000000000007e-01
1.661626642064037984e-01 5.118901743951290717e-01 9.372000000000000330e-01 8.564000000000000501e-01
2.001000520225619250e-01 5.366524091075636216e-01 9.263000000000000123e-01 8.414000000000000368e-01
1.803926889531795030e-01 5.167038164039247095e-01 9.277999999999999581e-01 8.417999999999999927e-01
2.341430657766927770e-01 5.829457553517100044e-01 9.127999999999999448e-01 8.342000000000000526e-01
1.587893692133060530e-01 4.781843610152320956e-01 9.418999999999999595e-01 8.481999999999999540e-01
2.111213503976203387e-01 5.651626374491752758e-01 9.247999999999999554e-01 8.381999999999999451e-01
1.855588769171899466e-01 4.951389701135686661e-01 9.291000000000000369e-01 8.459999999999999742e-01
2.654810857964634008e-01 5.924522271137553364e-01 9.041000000000000147e-01 8.232000000000000428e-01
2.023331532940541300e-01 4.882823187832551204e-01 9.303000000000000158e-01 8.481999999999999540e-01
1.957133748525865802e-01 4.860331155396928615e-01 9.287999999999999590e-01 8.529999999999999805e-01
2.168644397356546127e-01 5.304262958081966683e-01 9.241000000000000325e-01 8.381999999999999451e-01
1.393877826217074789e-01 4.717422627596348228e-01 9.477999999999999758e-01 8.558000000000000052e-01
2.235249409186927660e-01 5.145668690222747754e-01 9.203999999999999959e-01 8.434000000000000385e-01
2.214182768973332327e-01 5.996323987462889304e-01 9.203000000000000069e-01 8.319999999999999618e-01
1.550822377861323376e-01 5.365701478827341608e-01 9.389999999999999458e-01 8.586000000000000298e-01
1.872746232230428076e-01 4.942707715880290120e-01 9.314000000000000057e-01 8.554000000000000492e-01
1.876020255113968471e-01 5.117209045411073021e-01 9.273000000000000131e-01 8.484000000000000430e-01
2.051664386436039544e-01 5.310724402851080272e-01 9.220000000000000417e-01 8.427999999999999936e-01
2.414761388684002197e-01 5.654218837218077942e-01 9.070000000000000284e-01 8.317999999999999838e-01
1.722516675085900839e-01 4.589374002130247598e-01 9.324000000000000066e-01 8.511999999999999567e-01
1.883877566382950453e-01 5.098537823668034541e-01 9.288999999999999480e-01 8.504000000000000448e-01
1.742147068814251798e-01 5.002834895786262281e-01 9.322000000000000286e-01 8.397999999999999909e-01
2.822749636743839829e-01 5.416473025846824108e-01 8.955999999999999517e-01 8.297999999999999821e-01
1.964697171356750982e-01 4.982587620195420564e-01 9.237999999999999545e-01 8.508000000000000007e-01
2.505664920693214115e-01 5.219717571940782896e-01 9.083999999999999853e-01 8.386000000000000121e-01
1.631498520718894785e-01 4.625348538393365683e-01 9.415999999999999925e-01 8.566000000000000281e-01
1.882964832497138474e-01 5.242161303889828483e-01 9.330000000000000515e-01 8.551999999999999602e-01
1.751650775665394288e-01 4.809311529850511802e-01 9.345999999999999863e-01 8.556000000000000272e-01
2.070385918328864483e-01 5.043999754179396833e-01 9.205999999999999739e-01 8.467999999999999972e-01
1.912439356844335137e-01 5.140598406700618295e-01 9.304999999999999938e-01 8.434000000000000385e-01
1.556388143591324047e-01 4.537103506495263061e-01 9.435000000000000053e-01 8.604000000000000536e-01
1.440131337483184226e-01 4.851832929820008578e-01 9.467999999999999750e-01 8.599999999999999867e-01
2.375287180752267968e-01 5.470900278325154797e-01 9.153999999999999915e-01 8.396000000000000130e-01
2.562214355701781798e-01 5.996655008326634562e-01 9.093999999999999861e-01 8.362000000000000544e-01
1.903458924527572094e-01 5.327901213495337407e-01 9.337999999999999634e-01 8.526000000000000245e-01
2.440767273760315603e-01 5.044052421802440733e-01 9.089000000000000412e-01 8.391999999999999460e-01
2.436078649897794879e-01 5.544519519870889646e-01 9.073999999999999844e-01 8.337999999999999856e-01
1.404090372401750608e-01 4.750329301497302481e-01 9.493000000000000327e-01 8.609999999999999876e-01
2.350392021905399753e-01 5.694091591917124218e-01 9.102999999999999980e-01 8.292000000000000481e-01
1.857624337728500385e-01 4.780717057302245609e-01 9.318999999999999506e-01 8.519999999999999796e-01
2.172999323068806055e-01 5.713356069518151781e-01 9.153999999999999915e-01 8.411999999999999478e-01
2.103250419550645733e-01 5.632696463627482331e-01 9.253000000000000114e-01 8.369999999999999662e-01
1.759300221117267027e-01 4.982469656188223128e-01 9.352000000000000313e-01 8.437999999999999945e-01
1.700386119684065001e-01 5.348663396847820328e-01 9.364999999999999991e-01 8.454000000000000403e-01
2.472980178496762549e-01 5.277688317098762072e-01 9.083999999999999853e-01 8.314000000000000279e-01
1.678297029162318099e-01 5.653934035700223237e-01 9.396999999999999797e-01 8.487999999999999989e-01
1.915231783163464652e-01 4.762344454821850204e-01 9.277999999999999581e-01 8.476000000000000201e-01
3.045682461679865560e-01 6.536561981180156744e-01 9.006999999999999451e-01 8.222000000000000419e-01
1.603559133119460689e-01 4.896638075783363853e-01 9.382000000000000339e-01 8.491999999999999549e-01
1.402353007541240204e-01 4.879257096264704163e-01 9.469999999999999529e-01 8.584000000000000519e-01
1.837315553937307333e-01 4.832596481159331381e-01 9.332000000000000295e-01 8.536000000000000254e-01
1.457660620349962577e-01 5.178582229042674179e-01 9.477999999999999758e-01 8.497999999999999998e-01
1.798170196282589117e-01 5.363512712706421937e-01 9.330000000000000515e-01 8.456000000000000183e-01
1.984370424059313520e-01 5.271738279701543295e-01 9.358999999999999542e-01 8.419999999999999707e-01
1.688396944086018592e-01 5.125894756396556229e-01 9.344999999999999973e-01 8.504000000000000448e-01
1.699268600158495568e-01 5.003253856314179293e-01 9.385999999999999899e-01 8.556000000000000272e-01
1.626047905078519817e-01 4.632305710791068121e-01 9.404000000000000137e-01 8.576000000000000290e-01
1.705310181422270699e-01 5.120788869313566138e-01 9.388999999999999568e-01 8.499999999999999778e-01
2.299274849415715860e-01 4.716902600298172876e-01 9.183999999999999941e-01 8.391999999999999460e-01
1.918729864483977865e-01 4.891588946085215217e-01 9.265999999999999792e-01 8.437999999999999945e-01
2.148189784622902554e-01 5.323958531109777015e-01 9.217999999999999527e-01 8.322000000000000508e-01
1.433775006955754217e-01 4.709614084726186922e-01 9.469999999999999529e-01 8.628000000000000114e-01
1.548189344834285386e-01 5.112940176884134269e-01 9.428999999999999604e-01 8.496000000000000218e-01
1.828311647228499093e-01 5.560823803927038567e-01 9.278999999999999471e-01 8.514000000000000457e-01
2.128308977340217512e-01 5.137885341442194331e-01 9.186999999999999611e-01 8.427999999999999936e-01
1.599347985535201910e-01 4.840708545610122870e-01 9.404000000000000137e-01 8.579999999999999849e-01
1.817241035930163007e-01 5.340779655288276917e-01 9.365999999999999881e-01 8.529999999999999805e-01
1.911359240613504096e-01 5.015274156976585740e-01 9.268999999999999462e-01 8.554000000000000492e-01
1.937703011349510285e-01 5.024975483598873582e-01 9.372000000000000330e-01 8.518000000000000016e-01
2.036980794400148342e-01 5.548436602489830172e-01 9.232000000000000206e-01 8.401999999999999469e-01
1.867668992515600090e-01 4.919573057928486315e-01 9.304000000000000048e-01 8.519999999999999796e-01
1.783979770170021628e-01 4.813135035448359300e-01 9.337999999999999634e-01 8.504000000000000448e-01
1.723789707787223013e-01 4.825056005313621554e-01 9.337999999999999634e-01 8.444000000000000394e-01
2.154198827274466654e-01 5.472890163437874600e-01 9.207999999999999519e-01 8.366000000000000103e-01
3.552756582550087860e-01 6.811366095340285476e-01 8.800999999999999934e-01 8.097999999999999643e-01
2.729436813609100176e-01 6.250353852326369086e-01 8.854999999999999538e-01 8.077999999999999625e-01
2.230026410705537310e-01 5.619752901896021280e-01 9.169000000000000483e-01 8.332000000000000517e-01
2.160726480746191225e-01 6.210989429344894175e-01 9.223000000000000087e-01 8.429999999999999716e-01
2.436967761596688375e-01 5.490684282077959999e-01 9.125999999999999668e-01 8.356000000000000094e-01
1.638729474580647438e-01 5.192755216854502143e-01 9.376999999999999780e-01 8.558000000000000052e-01
1.835323157476602685e-01 5.130384300716770429e-01 9.301000000000000378e-01 8.441999999999999504e-01
1.530843334166024639e-01 5.156523760307183402e-01 9.422000000000000375e-01 8.511999999999999567e-01
2.002542638055560820e-01 4.840018881104915516e-01 9.258999999999999453e-01 8.477999999999999980e-01
1.297410984365885422e-01 5.347422070220907431e-01 9.533000000000000362e-01 8.616000000000000325e-01
2.009394295362441074e-01 5.412842385702880676e-01 9.282000000000000250e-01 8.397999999999999909e-01
1.717444633100100315e-01 5.366375949532361522e-01 9.361000000000000432e-01 8.534000000000000474e-01
2.590212671767537223e-01 5.239160301353900095e-01 9.034999999999999698e-01 8.386000000000000121e-01
1.823869460172425905e-01 4.902726425827855783e-01 9.312000000000000277e-01 8.466000000000000192e-01
1.825184985502497081e-01 5.223084605190743135e-01 9.304000000000000048e-01 8.504000000000000448e-01
1.901757333690465568e-01 5.257794202416351537e-01 9.310000000000000497e-01 8.449999999999999734e-01
2.261601189466995454e-01 5.070928731601190842e-01 9.147999999999999465e-01 8.352000000000000535e-01
2.590408124267774004e-01 5.896760334767785494e-01 9.048000000000000487e-01 8.294000000000000261e-01
2.375279132292769657e-01 5.595621733679210230e-01 9.123999999999999888e-01 8.407999999999999918e-01
2.049660764692831372e-01 5.080770539028093280e-01 9.265999999999999792e-01 8.427999999999999936e-01
1.577435450006659523e-01 4.957607606006776968e-01 9.409999999999999476e-01 8.528000000000000025e-01
1.626644819271494125e-01 4.897580755412535569e-01 9.414000000000000146e-01 8.608000000000000096e-01
1.585277483817213451e-01 5.035148025296666274e-01 9.415999999999999925e-01 8.551999999999999602e-01
2.232363552935260065e-01 6.014780868851188345e-01 9.144999999999999796e-01 8.266000000000000014e-01
2.136313409355568571e-01 5.672467397847679171e-01 9.152000000000000135e-01 8.347999999999999865e-01
1.498292967270510867e-01 5.310886484661284657e-01 9.451000000000000512e-01 8.529999999999999805e-01
2.307683716089014847e-01 5.758452384197753071e-01 9.242000000000000215e-01 8.554000000000000492e-01
1.566031200106119403e-01 4.721664347082721869e-01 9.436999999999999833e-01 8.558000000000000052e-01
1.428424572889472610e-01 4.824101903136517877e-01 9.474000000000000199e-01 8.601999999999999647e-01
1.667759671714550695e-01 5.034803853631544257e-01 9.368999999999999551e-01 8.436000000000000165e-01
2.686442735888615596e-01 6.168308728586219258e-01 9.055999999999999606e-01 8.337999999999999856e-01
2.316932484275576742e-01 5.305807557719471879e-01 9.137999999999999456e-01 8.407999999999999918e-01
1.450091839762678581e-01 4.896546499237316441e-01 9.459999999999999520e-01 8.569999999999999840e-01
1.408283545681829896e-01 4.905691429644913337e-01 9.481000000000000538e-01 8.586000000000000298e-01
2.272462278800730373e-01 5.414744735601995096e-01 9.177999999999999492e-01 8.279999999999999583e-01
2.519063038574722024e-01 6.209468411112658570e-01 9.172000000000000153e-01 8.357999999999999874e-01
2.468782160856130836e-01 5.672169943579916662e-01 9.040000000000000258e-01 8.252000000000000446e-01
1.627411546342802662e-01 5.263222284913192661e-01 9.392000000000000348e-01 8.518000000000000016e-01
1.869167224376418190e-01 6.123803774502967201e-01 9.243999999999999995e-01 8.399999999999999689e-01
1.650704296066612398e-01 5.132832023513546060e-01 9.386999999999999789e-01 8.518000000000000016e-01
2.290967408232197633e-01 5.377657266932883706e-01 9.123999999999999888e-01 8.349999999999999645e-01
1.550941482355374101e-01 4.880997528177507538e-01 9.412000000000000366e-01 8.624000000000000554e-01
1.591898946655475600e-01 4.621816492575051560e-01 9.425999999999999934e-01 8.549999999999999822e-01
1.230282843406674820e-01 4.784722163344917178e-01 9.552000000000000490e-01 8.629999999999999893e-01
1.588935058903766795e-01 4.970385455638555716e-01 9.437999999999999723e-01 8.551999999999999602e-01
1.820385896978321538e-01 5.473790572161181256e-01 9.307999999999999607e-01 8.434000000000000385e-01
1.687374842375600481e-01 4.749713730221941654e-01 9.393000000000000238e-01 8.569999999999999840e-01
1.725481880363795018e-01 5.451589460404470122e-01 9.325999999999999845e-01 8.434000000000000385e-01
2.140163270874625712e-01 5.953574370696810281e-01 9.226999999999999647e-01 8.397999999999999909e-01
2.295368803583336670e-01 5.144526378244276277e-01 9.177999999999999492e-01 8.346000000000000085e-01
1.938560172844902285e-01 4.829368559907857850e-01 9.283000000000000140e-01 8.484000000000000430e-01
2.278792243383938876e-01 5.575292615464298995e-01 9.180000000000000382e-01 8.364000000000000323e-01
2.323946783824403506e-01 5.268097704163836603e-01 9.109000000000000430e-01 8.322000000000000508e-01
1.441326805559373092e-01 4.604997402535999096e-01 9.493000000000000327e-01 8.601999999999999647e-01
1.814165540710723223e-01 5.356037749298033779e-01 9.314999999999999947e-01 8.399999999999999689e-01
1.598318707232390945e-01 4.940646924810221940e-01 9.378999999999999559e-01 8.589999999999999858e-01
2.083636730756846245e-01 5.169941222067040432e-01 9.211000000000000298e-01 8.409999999999999698e-01
1.568828217223151300e-01 4.959357583242672285e-01 9.418999999999999595e-01 8.518000000000000016e-01
1.690713346962364472e-01 5.026716252668955720e-01 9.385999999999999899e-01 8.508000000000000007e-01
2.251927637217253642e-01 5.699502140589893795e-01 9.172000000000000153e-01 8.342000000000000526e-01
2.132960576312019907e-01 5.727508939002247113e-01 9.200000000000000400e-01 8.336000000000000076e-01
2.041310109849212573e-01 5.002502293215539408e-01 9.245999999999999774e-01 8.484000000000000430e-01
1.498102242954312269e-01 5.089277421378856081e-01 9.459999999999999520e-01 8.508000000000000007e-01
2.263147821320189990e-01 5.128589997243557796e-01 9.191000000000000281e-01 8.367999999999999883e-01
1.515359097510019237e-01 4.838948753360620691e-01 9.464000000000000190e-01 8.548000000000000043e-01
1.894940142972121044e-01 5.377614234346211886e-01 9.311000000000000387e-01 8.456000000000000183e-01
2.189005838503687851e-01 6.137184721782225072e-01 9.246999999999999664e-01 8.427999999999999936e-01
1.703353869859730307e-01 5.217046114517295274e-01 9.350000000000000533e-01 8.531999999999999584e-01
1.913879584901361786e-01 5.795831823934973759e-01 9.290000000000000480e-01 8.519999999999999796e-01
1.645816390178767019e-01 5.456666035192098141e-01 9.403000000000000247e-01 8.416000000000000147e-01
1.678597647897573930e-01 4.983828436032299303e-01 9.348999999999999533e-01 8.461999999999999522e-01
1.719265527299519425e-01 5.390125171007245086e-01 9.345999999999999863e-01 8.504000000000000448e-01
1.269736249676776396e-01 4.599256299248525304e-01 9.552000000000000490e-01 8.648000000000000131e-01
1.757332715204584506e-01 5.473901392507930508e-01 9.355999999999999872e-01 8.526000000000000245e-01
1.441882013337882074e-01 5.062594287049281272e-01 9.474000000000000199e-01 8.551999999999999602e-01
1.680878272869369972e-01 5.089310212887606655e-01 9.387999999999999678e-01 8.491999999999999549e-01
2.569741328567511363e-01 5.895637302819426440e-01 9.052999999999999936e-01 8.235999999999999988e-01
1.867852310175197594e-01 5.486676021898819755e-01 9.321000000000000396e-01 8.554000000000000492e-01
2.811175309575231762e-01 5.732883836544446776e-01 8.960000000000000187e-01 8.195999999999999952e-01
2.010996799448505068e-01 5.394350841949724362e-01 9.223000000000000087e-01 8.379999999999999671e-01
1.498348061347316573e-01 5.122467895003590677e-01 9.462000000000000410e-01 8.539999999999999813e-01
1.934265466549725254e-01 5.684812577330274896e-01 9.324000000000000066e-01 8.497999999999999998e-01
1.989086770914887115e-01 5.419238042412001244e-01 9.286999999999999700e-01 8.346000000000000085e-01
1.411663771462220718e-01 4.591342812899136261e-01 9.479999999999999538e-01 8.594000000000000528e-01
1.636425867751815644e-01 4.791898790480638159e-01 9.375999999999999890e-01 8.526000000000000245e-01
2.330825677949946440e-01 5.343101054398917693e-01 9.060000000000000275e-01 8.347999999999999865e-01
1.623155150762624344e-01 5.917149957558323070e-01 9.427999999999999714e-01 8.519999999999999796e-01
1.720687065551116668e-01 4.986397615078059786e-01 9.355999999999999872e-01 8.489999999999999769e-01
1.866336123875939057e-01 5.203429286211725957e-01 9.271000000000000352e-01 8.399999999999999689e-01
1.654829721875036297e-01 5.043838158916723602e-01 9.384000000000000119e-01 8.508000000000000007e-01
1.335106527627512030e-01 4.632914866155304345e-01 9.522000000000000464e-01 8.599999999999999867e-01
1.995591364461212491e-01 4.902027907151673136e-01 9.255999999999999783e-01 8.456000000000000183e-01
1.763407997332673560e-01 5.251142764683046638e-01 9.378999999999999559e-01 8.434000000000000385e-01
2.180646926341149872e-01 5.692201845349554867e-01 9.223000000000000087e-01 8.349999999999999645e-01
1.668540086364750930e-01 5.101341900586326972e-01 9.423000000000000265e-01 8.536000000000000254e-01
1.759271761827355951e-01 5.191451192735566655e-01 9.365999999999999881e-01 8.471999999999999531e-01
1.602389876293703053e-01 5.043548389254370878e-01 9.425999999999999934e-01 8.518000000000000016e-01
1.851095234135949896e-01 5.102609525315037198e-01 9.287999999999999590e-01 8.451999999999999513e-01
1.594631952145571518e-01 5.001360978888967912e-01 9.397999999999999687e-01 8.548000000000000043e-01
1.909378313736683486e-01 4.836931634695670890e-01 9.321000000000000396e-01 8.518000000000000016e-01
1.562446287677451418e-01 5.018414452558274119e-01 9.431000000000000494e-01 8.526000000000000245e-01
1.791760426932252903e-01 5.435421573187481092e-01 9.354000000000000092e-01 8.426000000000000156e-01
1.434816537061634756e-01 5.064415158156120311e-01 9.489999999999999547e-01 8.526000000000000245e-01
1.797689352507285676e-01 5.262474155347280913e-01 9.278999999999999471e-01 8.396000000000000130e-01
1.848706218954850877e-01 5.073257580609366046e-01 9.325999999999999845e-01 8.496000000000000218e-01
1.545912803096940458e-01 4.993924256590537847e-01 9.407999999999999696e-01 8.569999999999999840e-01
1.456850452488134551e-01 4.474957392046861049e-01 9.516999999999999904e-01 8.568000000000000060e-01
1.538460712146930143e-01 5.082780664773193235e-01 9.449999999999999512e-01 8.554000000000000492e-01
1.531847789632775625e-01 5.096197708825234152e-01 9.416999999999999815e-01 8.521999999999999575e-01
1.759714947552052378e-01 5.149148888700008087e-01 9.334999999999999964e-01 8.457999999999999963e-01
1.549643919490950872e-01 4.851359083810020123e-01 9.424000000000000155e-01 8.566000000000000281e-01
2.251135107099247190e-01 5.780211660449391387e-01 9.102000000000000091e-01 8.235999999999999988e-01
1.697992296261708334e-01 4.792701065179155173e-01 9.425999999999999934e-01 8.519999999999999796e-01
1.628078761584849654e-01 5.121676622417243863e-01 9.405999999999999917e-01 8.519999999999999796e-01
1.893202666541990431e-01 4.854121105421210780e-01 9.298999999999999488e-01 8.538000000000000034e-01
1.757617083024021754e-01 5.105720659842412079e-01 9.338999999999999524e-01 8.396000000000000130e-01
1.886407023892547330e-01 4.988846363487173252e-01 9.313000000000000167e-01 8.464000000000000412e-01
1.881821620793140137e-01 5.530206561122449349e-01 9.298999999999999488e-01 8.437999999999999945e-01
2.350170070046880000e-01 5.670402248680120882e-01 9.056999999999999496e-01 8.217999999999999750e-01
2.446573659933053146e-01 5.073832595152490965e-01 9.151000000000000245e-01 8.332000000000000517e-01
2.174404635590346524e-01 5.414234787856760933e-01 9.161000000000000254e-01 8.359999999999999654e-01
1.808359236961634697e-01 4.739023284953666759e-01 9.344999999999999973e-01 8.526000000000000245e-01
1.969265078360924182e-01 5.112293333153413721e-01 9.294999999999999929e-01 8.449999999999999734e-01
1.680116515678969913e-01 5.089555803170416892e-01 9.407999999999999696e-01 8.526000000000000245e-01
1.734145641998905973e-01 5.513943194787154223e-01 9.312000000000000277e-01 8.491999999999999549e-01
1.871219463233844693e-01 5.455250965486592163e-01 9.297999999999999599e-01 8.459999999999999742e-01
1.461924761973332765e-01 4.906511216541599163e-01 9.483000000000000318e-01 8.581999999999999629e-01
1.158632964592269249e-01 4.572267254712140128e-01 9.635000000000000231e-01 8.648000000000000131e-01
1.765095686280781506e-01 5.771145586580429532e-01 9.310000000000000497e-01 8.366000000000000103e-01
2.233147205896753029e-01 5.686313710838752922e-01 9.153999999999999915e-01 8.152000000000000357e-01
1.552815584738750643e-01 4.525505528311972725e-01 9.498999999999999666e-01 8.549999999999999822e-01
1.761864353482601453e-01 5.165966136004872533e-01 9.310000000000000497e-01 8.529999999999999805e-01
1.810034918957472150e-01 5.363160918052432002e-01 9.334000000000000075e-01 8.506000000000000227e-01
2.035065347865437357e-01 4.828115945067065762e-01 9.236999999999999655e-01 8.444000000000000394e-01
2.574328161274493376e-01 6.253905235389500827e-01 9.051000000000000156e-01 8.324000000000000288e-01
1.617500930668494263e-01 5.252595930030987681e-01 9.397999999999999687e-01 8.469999999999999751e-01
2.881111258650283502e-01 5.867982650375214160e-01 8.977000000000000535e-01 8.307999999999999829e-01
2.046310403261073496e-01 5.754168354043056599e-01 9.273000000000000131e-01 8.416000000000000147e-01
1.924205342063577406e-01 5.195927574941798799e-01 9.284999999999999920e-01 8.411999999999999478e-01
1.921915820505510075e-01 4.985809919379846078e-01 9.324999999999999956e-01 8.399999999999999689e-01
2.499813972624110592e-01 6.095905508854404520e-01 9.149000000000000465e-01 8.376000000000000112e-01
2.284134423909928158e-01 5.399438026440342986e-01 9.175999999999999712e-01 8.369999999999999662e-01
1.645155916224371462e-01 4.905366647375765665e-01 9.395000000000000018e-01 8.548000000000000043e-01
2.326169851508072539e-01 6.439349414441699615e-01 9.203999999999999959e-01 8.224000000000000199e-01
0.000000000000000000e+00 0.000000000000000000e+00 0.000000000000000000e+00 0.000000000000000000e+00
0.000000000000000000e+00 0.000000000000000000e+00 0.000000000000000000e+00 0.000000000000000000e+00
0.000000000000000000e+00 0.000000000000000000e+00 0.000000000000000000e+00 0.000000000000000000e+00
0.000000000000000000e+00 0.000000000000000000e+00 0.000000000000000000e+00 0.000000000000000000e+00
0.000000000000000000e+00 0.000000000000000000e+00 0.000000000000000000e+00 0.000000000000000000e+00
0.000000000000000000e+00 0.000000000000000000e+00 0.000000000000000000e+00 0.000000000000000000e+00
0.000000000000000000e+00 0.000000000000000000e+00 0.000000000000000000e+00 0.000000000000000000e+00
0.000000000000000000e+00 0.000000000000000000e+00 0.000000000000000000e+00 0.000000000000000000e+00
0.000000000000000000e+00 0.000000000000000000e+00 0.000000000000000000e+00 0.000000000000000000e+00
0.000000000000000000e+00 0.000000000000000000e+00 0.000000000000000000e+00 0.000000000000000000e+00
0.000000000000000000e+00 0.000000000000000000e+00 0.000000000000000000e+00 0.000000000000000000e+00
0.000000000000000000e+00 0.000000000000000000e+00 0.000000000000000000e+00 0.000000000000000000e+00
0.000000000000000000e+00 0.000000000000000000e+00 0.000000000000000000e+00 0.000000000000000000e+00
0.000000000000000000e+00 0.000000000000000000e+00 0.000000000000000000e+00 0.000000000000000000e+00
0.000000000000000000e+00 0.000000000000000000e+00 0.000000000000000000e+00 0.000000000000000000e+00
0.000000000000000000e+00 0.000000000000000000e+00 0.000000000000000000e+00 0.000000000000000000e+00
0.000000000000000000e+00 0.000000000000000000e+00 0.000000000000000000e+00 0.000000000000000000e+00
0.000000000000000000e+00 0.000000000000000000e+00 0.000000000000000000e+00 0.000000000000000000e+00
0.000000000000000000e+00 0.000000000000000000e+00 0.000000000000000000e+00 0.000000000000000000e+00
0.000000000000000000e+00 0.000000000000000000e+00 0.000000000000000000e+00 0.000000000000000000e+00
0.000000000000000000e+00 0.000000000000000000e+00 0.000000000000000000e+00 0.000000000000000000e+00
0.000000000000000000e+00 0.000000000000000000e+00 0.000000000000000000e+00 0.000000000000000000e+00
0.000000000000000000e+00 0.000000000000000000e+00 0.000000000000000000e+00 0.000000000000000000e+00
0.000000000000000000e+00 0.000000000000000000e+00 0.000000000000000000e+00 0.000000000000000000e+00
0.000000000000000000e+00 0.000000000000000000e+00 0.000000000000000000e+00 0.000000000000000000e+00
0.000000000000000000e+00 0.000000000000000000e+00 0.000000000000000000e+00 0.000000000000000000e+00
0.000000000000000000e+00 0.000000000000000000e+00 0.000000000000000000e+00 0.000000000000000000e+00
0.000000000000000000e+00 0.000000000000000000e+00 0.000000000000000000e+00 0.000000000000000000e+00
0.000000000000000000e+00 0.000000000000000000e+00 0.000000000000000000e+00 0.000000000000000000e+00
0.000000000000000000e+00 0.000000000000000000e+00 0.000000000000000000e+00 0.000000000000000000e+00
0.000000000000000000e+00 0.000000000000000000e+00 0.000000000000000000e+00 0.000000000000000000e+00
0.000000000000000000e+00 0.000000000000000000e+00 0.000000000000000000e+00 0.000000000000000000e+00
0.000000000000000000e+00 0.000000000000000000e+00 0.000000000000000000e+00 0.000000000000000000e+00
0.000000000000000000e+00 0.000000000000000000e+00 0.000000000000000000e+00 0.000000000000000000e+00
0.000000000000000000e+00 0.000000000000000000e+00 0.000000000000000000e+00 0.000000000000000000e+00
0.000000000000000000e+00 0.000000000000000000e+00 0.000000000000000000e+00 0.000000000000000000e+00
0.000000000000000000e+00 0.000000000000000000e+00 0.000000000000000000e+00 0.000000000000000000e+00
0.000000000000000000e+00 0.000000000000000000e+00 0.000000000000000000e+00 0.000000000000000000e+00
0.000000000000000000e+00 0.000000000000000000e+00 0.000000000000000000e+00 0.000000000000000000e+00
0.000000000000000000e+00 0.000000000000000000e+00 0.000000000000000000e+00 0.000000000000000000e+00
0.000000000000000000e+00 0.000000000000000000e+00 0.000000000000000000e+00 0.000000000000000000e+00
0.000000000000000000e+00 0.000000000000000000e+00 0.000000000000000000e+00 0.000000000000000000e+00
0.000000000000000000e+00 0.000000000000000000e+00 0.000000000000000000e+00 0.000000000000000000e+00
0.000000000000000000e+00 0.000000000000000000e+00 0.000000000000000000e+00 0.000000000000000000e+00
0.000000000000000000e+00 0.000000000000000000e+00 0.000000000000000000e+00 0.000000000000000000e+00
0.000000000000000000e+00 0.000000000000000000e+00 0.000000000000000000e+00 0.000000000000000000e+00
0.000000000000000000e+00 0.000000000000000000e+00 0.000000000000000000e+00 0.000000000000000000e+00
0.000000000000000000e+00 0.000000000000000000e+00 0.000000000000000000e+00 0.000000000000000000e+00
0.000000000000000000e+00 0.000000000000000000e+00 0.000000000000000000e+00 0.000000000000000000e+00
0.000000000000000000e+00 0.000000000000000000e+00 0.000000000000000000e+00 0.000000000000000000e+00
0.000000000000000000e+00 0.000000000000000000e+00 0.000000000000000000e+00 0.000000000000000000e+00
0.000000000000000000e+00 0.000000000000000000e+00 0.000000000000000000e+00 0.000000000000000000e+00
0.000000000000000000e+00 0.000000000000000000e+00 0.000000000000000000e+00 0.000000000000000000e+00
0.000000000000000000e+00 0.000000000000000000e+00 0.000000000000000000e+00 0.000000000000000000e+00
0.000000000000000000e+00 0.000000000000000000e+00 0.000000000000000000e+00 0.000000000000000000e+00
0.000000000000000000e+00 0.000000000000000000e+00 0.000000000000000000e+00 0.000000000000000000e+00
0.000000000000000000e+00 0.000000000000000000e+00 0.000000000000000000e+00 0.000000000000000000e+00
0.000000000000000000e+00 0.000000000000000000e+00 0.000000000000000000e+00 0.000000000000000000e+00
0.000000000000000000e+00 0.000000000000000000e+00 0.000000000000000000e+00 0.000000000000000000e+00
0.000000000000000000e+00 0.000000000000000000e+00 0.000000000000000000e+00 0.000000000000000000e+00
0.000000000000000000e+00 0.000000000000000000e+00 0.000000000000000000e+00 0.000000000000000000e+00
0.000000000000000000e+00 0.000000000000000000e+00 0.000000000000000000e+00 0.000000000000000000e+00
0.000000000000000000e+00 0.000000000000000000e+00 0.000000000000000000e+00 0.000000000000000000e+00
0.000000000000000000e+00 0.000000000000000000e+00 0.000000000000000000e+00 0.000000000000000000e+00
0.000000000000000000e+00 0.000000000000000000e+00 0.000000000000000000e+00 0.000000000000000000e+00
0.000000000000000000e+00 0.000000000000000000e+00 0.000000000000000000e+00 0.000000000000000000e+00
0.000000000000000000e+00 0.000000000000000000e+00 0.000000000000000000e+00 0.000000000000000000e+00
0.000000000000000000e+00 0.000000000000000000e+00 0.000000000000000000e+00 0.000000000000000000e+00
0.000000000000000000e+00 0.000000000000000000e+00 0.000000000000000000e+00 0.000000000000000000e+00
0.000000000000000000e+00 0.000000000000000000e+00 0.000000000000000000e+00 0.000000000000000000e+00
0.000000000000000000e+00 0.000000000000000000e+00 0.000000000000000000e+00 0.000000000000000000e+00
0.000000000000000000e+00 0.000000000000000000e+00 0.000000000000000000e+00 0.000000000000000000e+00
0.000000000000000000e+00 0.000000000000000000e+00 0.000000000000000000e+00 0.000000000000000000e+00
0.000000000000000000e+00 0.000000000000000000e+00 0.000000000000000000e+00 0.000000000000000000e+00
0.000000000000000000e+00 0.000000000000000000e+00 0.000000000000000000e+00 0.000000000000000000e+00
0.000000000000000000e+00 0.000000000000000000e+00 0.000000000000000000e+00 0.000000000000000000e+00
0.000000000000000000e+00 0.000000000000000000e+00 0.000000000000000000e+00 0.000000000000000000e+00
0.000000000000000000e+00 0.000000000000000000e+00 0.000000000000000000e+00 0.000000000000000000e+00
0.000000000000000000e+00 0.000000000000000000e+00 0.000000000000000000e+00 0.000000000000000000e+00
0.000000000000000000e+00 0.000000000000000000e+00 0.000000000000000000e+00 0.000000000000000000e+00
0.000000000000000000e+00 0.000000000000000000e+00 0.000000000000000000e+00 0.000000000000000000e+00
0.000000000000000000e+00 0.000000000000000000e+00 0.000000000000000000e+00 0.000000000000000000e+00
0.000000000000000000e+00 0.000000000000000000e+00 0.000000000000000000e+00 0.000000000000000000e+00
0.000000000000000000e+00 0.000000000000000000e+00 0.000000000000000000e+00 0.000000000000000000e+00
0.000000000000000000e+00 0.000000000000000000e+00 0.000000000000000000e+00 0.000000000000000000e+00
0.000000000000000000e+00 0.000000000000000000e+00 0.000000000000000000e+00 0.000000000000000000e+00
0.000000000000000000e+00 0.000000000000000000e+00 0.000000000000000000e+00 0.000000000000000000e+00
0.000000000000000000e+00 0.000000000000000000e+00 0.000000000000000000e+00 0.000000000000000000e+00
0.000000000000000000e+00 0.000000000000000000e+00 0.000000000000000000e+00 0.000000000000000000e+00
0.000000000000000000e+00 0.000000000000000000e+00 0.000000000000000000e+00 0.000000000000000000e+00
0.000000000000000000e+00 0.000000000000000000e+00 0.000000000000000000e+00 0.000000000000000000e+00
0.000000000000000000e+00 0.000000000000000000e+00 0.000000000000000000e+00 0.000000000000000000e+00
0.000000000000000000e+00 0.000000000000000000e+00 0.000000000000000000e+00 0.000000000000000000e+00
0.000000000000000000e+00 0.000000000000000000e+00 0.000000000000000000e+00 0.000000000000000000e+00
0.000000000000000000e+00 0.000000000000000000e+00 0.000000000000000000e+00 0.000000000000000000e+00
0.000000000000000000e+00 0.000000000000000000e+00 0.000000000000000000e+00 0.000000000000000000e+00
0.000000000000000000e+00 0.000000000000000000e+00 0.000000000000000000e+00 0.000000000000000000e+00
0.000000000000000000e+00 0.000000000000000000e+00 0.000000000000000000e+00 0.000000000000000000e+00
0.000000000000000000e+00 0.000000000000000000e+00 0.000000000000000000e+00 0.000000000000000000e+00
0.000000000000000000e+00 0.000000000000000000e+00 0.000000000000000000e+00 0.000000000000000000e+00
0.000000000000000000e+00 0.000000000000000000e+00 0.000000000000000000e+00 0.000000000000000000e+00
0.000000000000000000e+00 0.000000000000000000e+00 0.000000000000000000e+00 0.000000000000000000e+00
0.000000000000000000e+00 0.000000000000000000e+00 0.000000000000000000e+00 0.000000000000000000e+00
0.000000000000000000e+00 0.000000000000000000e+00 0.000000000000000000e+00 0.000000000000000000e+00
0.000000000000000000e+00 0.000000000000000000e+00 0.000000000000000000e+00 0.000000000000000000e+00
0.000000000000000000e+00 0.000000000000000000e+00 0.000000000000000000e+00 0.000000000000000000e+00
0.000000000000000000e+00 0.000000000000000000e+00 0.000000000000000000e+00 0.000000000000000000e+00
0.000000000000000000e+00 0.000000000000000000e+00 0.000000000000000000e+00 0.000000000000000000e+00
0.000000000000000000e+00 0.000000000000000000e+00 0.000000000000000000e+00 0.000000000000000000e+00
0.000000000000000000e+00 0.000000000000000000e+00 0.000000000000000000e+00 0.000000000000000000e+00
0.000000000000000000e+00 0.000000000000000000e+00 0.000000000000000000e+00 0.000000000000000000e+00
0.000000000000000000e+00 0.000000000000000000e+00 0.000000000000000000e+00 0.000000000000000000e+00
0.000000000000000000e+00 0.000000000000000000e+00 0.000000000000000000e+00 0.000000000000000000e+00
0.000000000000000000e+00 0.000000000000000000e+00 0.000000000000000000e+00 0.000000000000000000e+00
0.000000000000000000e+00 0.000000000000000000e+00 0.000000000000000000e+00 0.000000000000000000e+00
0.000000000000000000e+00 0.000000000000000000e+00 0.000000000000000000e+00 0.000000000000000000e+00
0.000000000000000000e+00 0.000000000000000000e+00 0.000000000000000000e+00 0.000000000000000000e+00
0.000000000000000000e+00 0.000000000000000000e+00 0.000000000000000000e+00 0.000000000000000000e+00
0.000000000000000000e+00 0.000000000000000000e+00 0.000000000000000000e+00 0.000000000000000000e+00
0.000000000000000000e+00 0.000000000000000000e+00 0.000000000000000000e+00 0.000000000000000000e+00
0.000000000000000000e+00 0.000000000000000000e+00 0.000000000000000000e+00 0.000000000000000000e+00
0.000000000000000000e+00 0.000000000000000000e+00 0.000000000000000000e+00 0.000000000000000000e+00
0.000000000000000000e+00 0.000000000000000000e+00 0.000000000000000000e+00 0.000000000000000000e+00
0.000000000000000000e+00 0.000000000000000000e+00 0.000000000000000000e+00 0.000000000000000000e+00
0.000000000000000000e+00 0.000000000000000000e+00 0.000000000000000000e+00 0.000000000000000000e+00
0.000000000000000000e+00 0.000000000000000000e+00 0.000000000000000000e+00 0.000000000000000000e+00
0.000000000000000000e+00 0.000000000000000000e+00 0.000000000000000000e+00 0.000000000000000000e+00
0.000000000000000000e+00 0.000000000000000000e+00 0.000000000000000000e+00 0.000000000000000000e+00
0.000000000000000000e+00 0.000000000000000000e+00 0.000000000000000000e+00 0.000000000000000000e+00
0.000000000000000000e+00 0.000000000000000000e+00 0.000000000000000000e+00 0.000000000000000000e+00
0.000000000000000000e+00 0.000000000000000000e+00 0.000000000000000000e+00 0.000000000000000000e+00
0.000000000000000000e+00 0.000000000000000000e+00 0.000000000000000000e+00 0.000000000000000000e+00
0.000000000000000000e+00 0.000000000000000000e+00 0.000000000000000000e+00 0.000000000000000000e+00
0.000000000000000000e+00 0.000000000000000000e+00 0.000000000000000000e+00 0.000000000000000000e+00
0.000000000000000000e+00 0.000000000000000000e+00 0.000000000000000000e+00 0.000000000000000000e+00
0.000000000000000000e+00 0.000000000000000000e+00 0.000000000000000000e+00 0.000000000000000000e+00
0.000000000000000000e+00 0.000000000000000000e+00 0.000000000000000000e+00 0.000000000000000000e+00
0.000000000000000000e+00 0.000000000000000000e+00 0.000000000000000000e+00 0.000000000000000000e+00
0.000000000000000000e+00 0.000000000000000000e+00 0.000000000000000000e+00 0.000000000000000000e+00
0.000000000000000000e+00 0.000000000000000000e+00 0.000000000000000000e+00 0.000000000000000000e+00
0.000000000000000000e+00 0.000000000000000000e+00 0.000000000000000000e+00 0.000000000000000000e+00
0.000000000000000000e+00 0.000000000000000000e+00 0.000000000000000000e+00 0.000000000000000000e+00
0.000000000000000000e+00 0.000000000000000000e+00 0.000000000000000000e+00 0.000000000000000000e+00
0.000000000000000000e+00 0.000000000000000000e+00 0.000000000000000000e+00 0.000000000000000000e+00
0.000000000000000000e+00 0.000000000000000000e+00 0.000000000000000000e+00 0.000000000000000000e+00
0.000000000000000000e+00 0.000000000000000000e+00 0.000000000000000000e+00 0.000000000000000000e+00
0.000000000000000000e+00 0.000000000000000000e+00 0.000000000000000000e+00 0.000000000000000000e+00
0.000000000000000000e+00 0.000000000000000000e+00 0.000000000000000000e+00 0.000000000000000000e+00
0.000000000000000000e+00 0.000000000000000000e+00 0.000000000000000000e+00 0.000000000000000000e+00
0.000000000000000000e+00 0.000000000000000000e+00 0.000000000000000000e+00 0.000000000000000000e+00
0.000000000000000000e+00 0.000000000000000000e+00 0.000000000000000000e+00 0.000000000000000000e+00
0.000000000000000000e+00 0.000000000000000000e+00 0.000000000000000000e+00 0.000000000000000000e+00
0.000000000000000000e+00 0.000000000000000000e+00 0.000000000000000000e+00 0.000000000000000000e+00
0.000000000000000000e+00 0.000000000000000000e+00 0.000000000000000000e+00 0.000000000000000000e+00
0.000000000000000000e+00 0.000000000000000000e+00 0.000000000000000000e+00 0.000000000000000000e+00
0.000000000000000000e+00 0.000000000000000000e+00 0.000000000000000000e+00 0.000000000000000000e+00
