6.424486023483916286e-01 7.140183898558827291e-01 7.782999999999999918e-01 7.611999999999999877e-01
5.050613320498250625e-01 5.680664396380842307e-01 7.893999999999999906e-01 7.633999999999999675e-01
4.963813996047145571e-01 5.899043632188907260e-01 8.115999999999999881e-01 7.843999999999999861e-01
3.493551276384982418e-01 4.504825112287106359e-01 8.728000000000000203e-01 8.409999999999999698e-01
3.729831303955857269e-01 4.769743106695487067e-01 8.616000000000000325e-01 8.259999999999999565e-01
3.245082795549945054e-01 4.458368823651758239e-01 8.748000000000000220e-01 8.394000000000000350e-01
3.456966796398476816e-01 4.778905143472155226e-01 8.733999999999999542e-01 8.332000000000000517e-01
3.406827983945741045e-01 4.631244748106478903e-01 8.740999999999999881e-01 8.359999999999999654e-01
3.407196733347080952e-01 4.749050824399410065e-01 8.689999999999999947e-01 8.337999999999999856e-01
3.468225501346234307e-01 5.286541573409425654e-01 8.733999999999999542e-01 8.314000000000000279e-01
3.156290724165249917e-01 4.666447226283394478e-01 8.761999999999999789e-01 8.279999999999999583e-01
2.852135001671475822e-01 4.541816031391407438e-01 8.957000000000000517e-01 8.477999999999999980e-01
3.066131245712676590e-01 4.628872549635331124e-01 8.860000000000000098e-01 8.369999999999999662e-01
2.710372004129626422e-01 4.535768152955231836e-01 8.951000000000000068e-01 8.429999999999999716e-01
3.554174370566105523e-01 5.334298415000326976e-01 8.693999999999999506e-01 8.137999999999999678e-01
2.477177272362721949e-01 4.238314739979736068e-01 9.058000000000000496e-01 8.496000000000000218e-01
3.665676808098574657e-01 5.747389923675968459e-01 8.598000000000000087e-01 7.973999999999999977e-01
2.874327548861047021e-01 5.049577116679352384e-01 8.885999999999999455e-01 8.352000000000000535e-01
2.466022349552801640e-01 4.676506792940979818e-01 9.089000000000000412e-01 8.474000000000000421e-01
2.695465550526968679e-01 4.828842565984501345e-01 9.002000000000000002e-01 8.446000000000000174e-01
2.492224122006371501e-01 4.300979712909401287e-01 9.052000000000000046e-01 8.469999999999999751e-01
2.492561466997059161e-01 4.443614853738215853e-01 9.012999999999999901e-01 8.399999999999999689e-01
2.738661123253418594e-01 5.082100583763681234e-01 8.938000000000000389e-01 8.364000000000000323e-01
2.312758063297948308e-01 4.419274614152929881e-01 9.134999999999999787e-01 8.514000000000000457e-01
2.570081792079769722e-01 5.131756458297936918e-01 9.072999999999999954e-01 8.357999999999999874e-01
2.360678182344085052e-01 4.675754498036816531e-01 9.065999999999999615e-01 8.509999999999999787e-01
2.023724145314924894e-01 4.729337332770183755e-01 9.227999999999999536e-01 8.494000000000000439e-01
2.695373994000002105e-01 5.106659898962210287e-01 8.944999999999999618e-01 8.317999999999999838e-01
2.740433666606432728e-01 5.282481987381066890e-01 8.999000000000000332e-01 8.379999999999999671e-01
2.319591894610527616e-01 4.788641260845420411e-01 9.114999999999999769e-01 8.487999999999999989e-01
2.090139931117639682e-01 4.724005624008207893e-01 9.224999999999999867e-01 8.558000000000000052e-01
2.010080817341581561e-01 4.423615564526416355e-01 9.246999999999999664e-01 8.528000000000000025e-01
2.182629764763780178e-01 4.432847282947932621e-01 9.225999999999999757e-01 8.551999999999999602e-01
2.639567343530266341e-01 4.871107266379395839e-01 8.933999999999999719e-01 8.327999999999999847e-01
2.276013979893921346e-01 4.828665838768922414e-01 9.156999999999999584e-01 8.499999999999999778e-01
2.867472303629253760e-01 5.506446701484446482e-01 8.868000000000000327e-01 8.125999999999999890e-01
2.089609336259065919e-01 4.728413948123867394e-01 9.227999999999999536e-01 8.586000000000000298e-01
2.575994956589534035e-01 5.464119431629922419e-01 9.024999999999999689e-01 8.384000000000000341e-01
2.621648075023972346e-01 5.088322200986935551e-01 8.934999999999999609e-01 8.254000000000000226e-01
2.922196339139243038e-01 5.588421828372380773e-01 8.969000000000000306e-01 8.306000000000000050e-01
1.699032444297356170e-01 4.376146323741491595e-01 9.370000000000000551e-01 8.636000000000000343e-01
1.868042199058458086e-01 4.695476527612991724e-01 9.306999999999999718e-01 8.534000000000000474e-01
1.852396778423372470e-01 4.571628426518949961e-01 9.307999999999999607e-01 8.596000000000000307e-01
2.230138242605105570e-01 5.171240139640788103e-01 9.173000000000000043e-01 8.369999999999999662e-01
2.119743472480922208e-01 4.616499378748275539e-01 9.217999999999999527e-01 8.427999999999999936e-01
2.144479560192790457e-01 4.730105397519131505e-01 9.217999999999999527e-01 8.524000000000000465e-01
2.173770891310270181e-01 5.339901988069818417e-01 9.193000000000000060e-01 8.347999999999999865e-01
2.062671577768687703e-01 5.194740467723391042e-01 9.261000000000000343e-01 8.489999999999999769e-01
2.185692045655865390e-01 5.006973878598547367e-01 9.202000000000000179e-01 8.446000000000000174e-01
2.443077221293528389e-01 5.252458809738517198e-01 9.111000000000000210e-01 8.416000000000000147e-01
2.347539152722009914e-01 4.755349186819462504e-01 9.112999999999999989e-01 8.362000000000000544e-01
2.386913215430616353e-01 4.920614733573202004e-01 9.032000000000000028e-01 8.329999999999999627e-01
2.455642018713375951e-01 5.433931028592938750e-01 9.029000000000000359e-01 8.366000000000000103e-01
2.872682795146624946e-01 5.303677320044623000e-01 8.930000000000000160e-01 8.267999999999999794e-01
2.071453261332609486e-01 5.360655382726583484e-01 9.223999999999999977e-01 8.457999999999999963e-01
2.064590806089444397e-01 5.017769722767220220e-01 9.206999999999999629e-01 8.531999999999999584e-01
1.827833178043894169e-01 4.649880172242619736e-01 9.294999999999999929e-01 8.546000000000000263e-01
2.206360585383370654e-01 4.709376627110835045e-01 9.196999999999999620e-01 8.476000000000000201e-01
2.031740568302649874e-01 5.113107749883669673e-01 9.237999999999999545e-01 8.434000000000000385e-01
1.815906339660957325e-01 4.394475688230531918e-01 9.314999999999999947e-01 8.678000000000000158e-01
1.913843212812503247e-01 4.804722725762847202e-01 9.276999999999999691e-01 8.524000000000000465e-01
2.436602643265832202e-01 5.456544582429457835e-01 9.035999999999999588e-01 8.391999999999999460e-01
2.304689421953175499e-01 5.170253530771159456e-01 9.155999999999999694e-01 8.446000000000000174e-01
1.768661751281619954e-01 4.573357037995396945e-01 9.321000000000000396e-01 8.611999999999999655e-01
2.006568960285211867e-01 4.778995024174405581e-01 9.212000000000000188e-01 8.479999999999999760e-01
1.974146071230426236e-01 4.541855177254648934e-01 9.290000000000000480e-01 8.548000000000000043e-01
1.712438841481592200e-01 5.137438068071625841e-01 9.342000000000000304e-01 8.559999999999999831e-01
2.458018668229204062e-01 5.800895705978020844e-01 9.159000000000000474e-01 8.381999999999999451e-01
1.691351539447520369e-01 4.731394231335259160e-01 9.383000000000000229e-01 8.566000000000000281e-01
1.913328917005086560e-01 4.938074047390773602e-01 9.274000000000000021e-01 8.464000000000000412e-01
2.747664852791329992e-01 5.719867056981168263e-01 8.910000000000000142e-01 8.205999999999999961e-01
2.291272145289958706e-01 5.431352204977072384e-01 9.111000000000000210e-01 8.356000000000000094e-01
1.986077348115032337e-01 5.164101668129315037e-01 9.233999999999999986e-01 8.456000000000000183e-01
1.910297457597362747e-01 4.654996375538121289e-01 9.324999999999999956e-01 8.558000000000000052e-01
1.638367524045423185e-01 4.661042737818980597e-01 9.395999999999999908e-01 8.534000000000000474e-01
1.941720430776232298e-01 4.934122529658901968e-01 9.326999999999999735e-01 8.508000000000000007e-01
1.918106816825319028e-01 4.792244899038878292e-01 9.276999999999999691e-01 8.559999999999999831e-01
1.533204382154629841e-01 4.881936434044511497e-01 9.432000000000000384e-01 8.588000000000000078e-01
2.275719693052467296e-01 5.826151462333459818e-01 9.141000000000000236e-01 8.344000000000000306e-01
1.583511123423379241e-01 4.887884736975131039e-01 9.379999999999999449e-01 8.534000000000000474e-01
1.900430569454453766e-01 4.892705700178301420e-01 9.290000000000000480e-01 8.457999999999999963e-01
2.026626170502104363e-01 4.877874920795710056e-01 9.213999999999999968e-01 8.484000000000000430e-01
2.013819258743319018e-01 5.038053055136073599e-01 9.277999999999999581e-01 8.456000000000000183e-01
1.838346948285552729e-01 4.853528522055958749e-01 9.335999999999999854e-01 8.529999999999999805e-01
3.015563619401600559e-01 6.186981808438158925e-01 8.884999999999999565e-01 8.177999999999999714e-01
1.462583110586574420e-01 4.682630731325844176e-01 9.445000000000000062e-01 8.638000000000000123e-01
1.602335837220664749e-01 5.256427464245075898e-01 9.384000000000000119e-01 8.594000000000000528e-01
1.632746424748392211e-01 4.588977974546247229e-01 9.406999999999999806e-01 8.598000000000000087e-01
1.738721727820745910e-01 4.718289027866744423e-01 9.298999999999999488e-01 8.574000000000000510e-01
2.517252749875261153e-01 5.515274313841705967e-01 9.102999999999999980e-01 8.296000000000000041e-01
1.659735848814441472e-01 4.723946531919486214e-01 9.409999999999999476e-01 8.571999999999999620e-01
1.679492671363608802e-01 4.954348756884565663e-01 9.374000000000000110e-01 8.548000000000000043e-01
2.331548333264407691e-01 5.639205197088138499e-01 9.068000000000000504e-01 8.224000000000000199e-01
1.611840739441860459e-01 4.895795827771945441e-01 9.424000000000000155e-01 8.491999999999999549e-01
2.293625413970228344e-01 5.355009492853609609e-01 9.181000000000000272e-01 8.356000000000000094e-01
2.638053732881746605e-01 5.258080102658043709e-01 8.991999999999999993e-01 8.266000000000000014e-01
2.697164679769069595e-01 5.807372739511120763e-01 9.042999999999999927e-01 8.229999999999999538e-01
1.695317905550067228e-01 5.015344946601573151e-01 9.393000000000000238e-01 8.439999999999999725e-01
2.431991558998162495e-01 5.094283820998345425e-01 9.052000000000000046e-01 8.256000000000000005e-01
1.631027939017397621e-01 5.008125037592195961e-01 9.407999999999999696e-01 8.511999999999999567e-01
2.018512282164572069e-01 5.600663798865808118e-01 9.264000000000000012e-01 8.381999999999999451e-01
2.052671606840846819e-01 5.016835125412920648e-01 9.217999999999999527e-01 8.464000000000000412e-01
1.920725011906092849e-01 4.975020074602874987e-01 9.310000000000000497e-01 8.434000000000000385e-01
2.839784260082762191e-01 5.950803550767156391e-01 9.126999999999999558e-01 8.387999999999999901e-01
2.745628278994071136e-01 6.125492334199869049e-01 9.014999999999999680e-01 8.292000000000000481e-01
2.460347022432141650e-01 5.619347978298967483e-01 9.080000000000000293e-01 8.316000000000000059e-01
1.810621605186342464e-01 5.182267353272407284e-01 9.354000000000000092e-01 8.441999999999999504e-01
1.715696216342000591e-01 4.388185837785799071e-01 9.383000000000000229e-01 8.529999999999999805e-01
1.746764066274469340e-01 4.816973163645749123e-01 9.396999999999999797e-01 8.526000000000000245e-01
1.714857677758110099e-01 4.845957918175125001e-01 9.338999999999999524e-01 8.559999999999999831e-01
1.970265799652649030e-01 4.923099318542086822e-01 9.229000000000000536e-01 8.467999999999999972e-01
2.148678276340529880e-01 5.699572664492368324e-01 9.185999999999999721e-01 8.397999999999999909e-01
1.707107550269178764e-01 4.886977789831126739e-01 9.372000000000000330e-01 8.491999999999999549e-01
2.101721828271294612e-01 5.663549122822276738e-01 9.227999999999999536e-01 8.457999999999999963e-01
1.794461078483636507e-01 5.448765467708798216e-01 9.346999999999999753e-01 8.519999999999999796e-01
2.588046520685138852e-01 6.286647729246227501e-01 9.103999999999999870e-01 8.266000000000000014e-01
2.280108569829272791e-01 5.540035608270245104e-01 9.143999999999999906e-01 8.369999999999999662e-01
1.898399684896587003e-01 4.878596668561465677e-01 9.283000000000000140e-01 8.436000000000000165e-01
1.884680255175860131e-01 5.271638702841390245e-01 9.294999999999999929e-01 8.427999999999999936e-01
1.802754543339947779e-01 4.539981712084441567e-01 9.351000000000000423e-01 8.564000000000000501e-01
1.898849180574529727e-01 5.206315633947122823e-01 9.281000000000000361e-01 8.464000000000000412e-01
2.782386241315834563e-01 5.821158856496801981e-01 8.932999999999999829e-01 8.152000000000000357e-01
1.656196602373456173e-01 5.045205495216094072e-01 9.385000000000000009e-01 8.516000000000000236e-01
1.666118812357324230e-01 4.821236283170535208e-01 9.382000000000000339e-01 8.491999999999999549e-01
1.942605968034170072e-01 5.501946534687128798e-01 9.258999999999999453e-01 8.424000000000000377e-01
2.121883092998888831e-01 5.591045538483886412e-01 9.235999999999999766e-01 8.362000000000000544e-01
1.918352047264907934e-01 4.963987504139699136e-01 9.316999999999999726e-01 8.486000000000000210e-01
1.816664033459701177e-01 4.889536173799997609e-01 9.318999999999999506e-01 8.497999999999999998e-01
1.829513917897551967e-01 4.797939899320605717e-01 9.276999999999999691e-01 8.529999999999999805e-01
2.073408638206773458e-01 5.347651676531753884e-01 9.240000000000000435e-01 8.394000000000000350e-01
2.452296746906129088e-01 5.175281678427031684e-01 9.058000000000000496e-01 8.307999999999999829e-01
1.978313961154082867e-01 5.123658714059321495e-01 9.285999999999999810e-01 8.421999999999999487e-01
1.692415493967039664e-01 5.194596653142740106e-01 9.385999999999999899e-01 8.504000000000000448e-01
1.700112351033519764e-01 4.886728605476812759e-01 9.389999999999999458e-01 8.419999999999999707e-01
2.023950167779099418e-01 5.325819131098008530e-01 9.262000000000000233e-01 8.394000000000000350e-01
1.551296846205744984e-01 5.002932088661224963e-01 9.413000000000000256e-01 8.504000000000000448e-01
1.926458592547508064e-01 4.765170754269929532e-01 9.286999999999999700e-01 8.437999999999999945e-01
2.556212812827128311e-01 5.488602060378947600e-01 9.056999999999999496e-01 8.276000000000000023e-01
1.802323346028358309e-01 4.723764554411453709e-01 9.344999999999999973e-01 8.497999999999999998e-01
1.473091994150981521e-01 4.613349000518471299e-01 9.445999999999999952e-01 8.601999999999999647e-01
1.902970457634992618e-01 5.208941901674599695e-01 9.275999999999999801e-01 8.416000000000000147e-01
1.654664248369996926e-01 4.726575068660660017e-01 9.364999999999999991e-01 8.549999999999999822e-01
2.015090338747911880e-01 5.065283493577676932e-01 9.252000000000000224e-01 8.459999999999999742e-01
1.550242641229537532e-01 5.014434955643842784e-01 9.435000000000000053e-01 8.569999999999999840e-01
1.704658345746995207e-01 5.082137645707364149e-01 9.364999999999999991e-01 8.571999999999999620e-01
1.806611940570995445e-01 4.980210951903893402e-01 9.360000000000000542e-01 8.508000000000000007e-01
1.445342498255336450e-01 4.953810963930147526e-01 9.484000000000000208e-01 8.639999999999999902e-01
1.986337053913483086e-01 5.306109133222077778e-01 9.264999999999999902e-01 8.306000000000000050e-01
1.828516242003433712e-01 5.215135450481797053e-01 9.315999999999999837e-01 8.521999999999999575e-01
1.772743817325956317e-01 5.213258558692926981e-01 9.353000000000000203e-01 8.518000000000000016e-01
2.840662477882969772e-01 5.742372401144341110e-01 8.913999999999999702e-01 8.184000000000000163e-01
1.699609246029420706e-01 4.789374285153978339e-01 9.407999999999999696e-01 8.521999999999999575e-01
2.062891492520125269e-01 5.055612940501496011e-01 9.256999999999999673e-01 8.491999999999999549e-01
1.908046971389524560e-01 5.190837634617718743e-01 9.274999999999999911e-01 8.424000000000000377e-01
1.564372920351863872e-01 4.857129266950016011e-01 9.425999999999999934e-01 8.616000000000000325e-01
1.592753150252287087e-01 5.027041739507663864e-01 9.407999999999999696e-01 8.508000000000000007e-01
2.665703760612599393e-01 6.450365902479974212e-01 9.152000000000000135e-01 8.249999999999999556e-01
1.848800249352132719e-01 5.380326193445711391e-01 9.360000000000000542e-01 8.494000000000000439e-01
1.668568519498654645e-01 4.773799950619345700e-01 9.407999999999999696e-01 8.504000000000000448e-01
1.932798122932969931e-01 4.654119739216964202e-01 9.284999999999999920e-01 8.477999999999999980e-01
1.688065381272779997e-01 4.641291496227240021e-01 9.395000000000000018e-01 8.526000000000000245e-01
2.031321746667797967e-01 5.335628591186759584e-01 9.202000000000000179e-01 8.327999999999999847e-01
1.719684473862722329e-01 4.890819306713415915e-01 9.381000000000000449e-01 8.594000000000000528e-01
1.795311655663443251e-01 4.963335906324778946e-01 9.347999999999999643e-01 8.504000000000000448e-01
1.997396517052928144e-01 4.651358535082897872e-01 9.264000000000000012e-01 8.444000000000000394e-01
1.597509361753080559e-01 5.352436969519560606e-01 9.371000000000000441e-01 8.487999999999999989e-01
2.342451765556014254e-01 6.038503887433884776e-01 9.099000000000000421e-01 8.264000000000000234e-01
1.728219730679790289e-01 4.840149053570031445e-01 9.379999999999999449e-01 8.584000000000000519e-01
1.420325768279594725e-01 5.032110214448684005e-01 9.454000000000000181e-01 8.556000000000000272e-01
1.740853406889993626e-01 5.123043371735214180e-01 9.328999999999999515e-01 8.504000000000000448e-01
1.922217091764533980e-01 5.433114887520874570e-01 9.298999999999999488e-01 8.494000000000000439e-01
1.893059455773986877e-01 5.236146277768338742e-01 9.284000000000000030e-01 8.491999999999999549e-01
1.557752039370909058e-01 4.901700613303455745e-01 9.442000000000000393e-01 8.489999999999999769e-01
1.673557351908299407e-01 5.069053764184733302e-01 9.406999999999999806e-01 8.439999999999999725e-01
1.817237156051950964e-01 5.472624242139255690e-01 9.280000000000000471e-01 8.424000000000000377e-01
2.029034431195084753e-01 5.656624109167515124e-01 9.256999999999999673e-01 8.349999999999999645e-01
1.623677606775643378e-01 5.460589172236601785e-01 9.386999999999999789e-01 8.494000000000000439e-01
2.495737141152198912e-01 5.859189979145612570e-01 9.059000000000000385e-01 8.225999999999999979e-01
2.483376383473165361e-01 6.120043951349618538e-01 9.123999999999999888e-01 8.322000000000000508e-01
1.542309594782934612e-01 4.991082266681429180e-01 9.439999999999999503e-01 8.541999999999999593e-01
1.557554260351018405e-01 4.766141787559757814e-01 9.434000000000000163e-01 8.624000000000000554e-01
1.803266849619577505e-01 5.373208078570307356e-01 9.314999999999999947e-01 8.579999999999999849e-01
1.656542390920035801e-01 5.179437197080400956e-01 9.427999999999999714e-01 8.559999999999999831e-01
2.390554140687716767e-01 5.895253554695965015e-01 9.133000000000000007e-01 8.449999999999999734e-01
2.122760741703647036e-01 4.731300075793467008e-01 9.203000000000000069e-01 8.426000000000000156e-01
1.567520699698783659e-01 4.877410480110228597e-01 9.433000000000000274e-01 8.561999999999999611e-01
2.494306933768968004e-01 5.942803748724688750e-01 9.052000000000000046e-01 8.212000000000000410e-01
1.497568691509096328e-01 5.166907532989843954e-01 9.405999999999999917e-01 8.544000000000000483e-01
1.935773362208467741e-01 5.099131546527634340e-01 9.270000000000000462e-01 8.401999999999999469e-01
1.602905807103504887e-01 4.571151961743469827e-01 9.395000000000000018e-01 8.546000000000000263e-01
1.778404397414824478e-01 4.987401745636764749e-01 9.314999999999999947e-01 8.536000000000000254e-01
1.681829139737526790e-01 4.780556991987090498e-01 9.348999999999999533e-01 8.539999999999999813e-01
1.719788870261058922e-01 5.060008699602857041e-01 9.364000000000000101e-01 8.501999999999999558e-01
1.526809189631334884e-01 4.864680750657902619e-01 9.406999999999999806e-01 8.536000000000000254e-01
1.792415669969146530e-01 5.592867615570861206e-01 9.370000000000000551e-01 8.434000000000000385e-01
2.207517697280209079e-01 5.200969634656718021e-01 9.187999999999999501e-01 8.342000000000000526e-01
1.686223091601634638e-01 4.795372979687594350e-01 9.385000000000000009e-01 8.506000000000000227e-01
1.869129650321544323e-01 5.726077377399997337e-01 9.310000000000000497e-01 8.389999999999999680e-01
1.340402782677726778e-01 4.945600692961517608e-01 9.526999999999999913e-01 8.531999999999999584e-01
1.976375410433446611e-01 5.415385197886158908e-01 9.222000000000000197e-01 8.372000000000000552e-01
2.009931330600683852e-01 5.766876837952298329e-01 9.264000000000000012e-01 8.419999999999999707e-01
1.614376855433013180e-01 5.351309751128939807e-01 9.408999999999999586e-01 8.447999999999999954e-01
1.352449265660476962e-01 4.972942254295432685e-01 9.546000000000000041e-01 8.568000000000000060e-01
2.023491446075233458e-01 4.660987935270899385e-01 9.310000000000000497e-01 8.499999999999999778e-01
2.437271844394756637e-01 5.273945408764336706e-01 9.092999999999999972e-01 8.332000000000000517e-01
1.554283249153578239e-01 4.549540039773889433e-01 9.433000000000000274e-01 8.568000000000000060e-01
2.011428147424166590e-01 5.114505181665273126e-01 9.216999999999999638e-01 8.399999999999999689e-01
1.633233239074962651e-01 5.400860628985398870e-01 9.354999999999999982e-01 8.519999999999999796e-01
1.362988758422787605e-01 4.925935189739300557e-01 9.485000000000000098e-01 8.619999999999999885e-01
2.468452092604617176e-01 6.034563221224943375e-01 9.123999999999999888e-01 8.327999999999999847e-01
1.673951491472248643e-01 4.920344050728596708e-01 9.373000000000000220e-01 8.481999999999999540e-01
1.823938812008756571e-01 5.023216175271374428e-01 9.317999999999999616e-01 8.431999999999999496e-01
1.522926357979504930e-01 5.100500608459865859e-01 9.458999999999999631e-01 8.556000000000000272e-01
1.799375698976840854e-01 5.593305150895456768e-01 9.327999999999999625e-01 8.461999999999999522e-01
1.357193148291677420e-01 4.876209160039234880e-01 9.536000000000000032e-01 8.548000000000000043e-01
1.513025751613669423e-01 5.274969211844163786e-01 9.462000000000000410e-01 8.596000000000000307e-01
1.599913346119976876e-01 4.490593705694616578e-01 9.411000000000000476e-01 8.594000000000000528e-01
1.639672717871287766e-01 4.761109781481274728e-01 9.376999999999999780e-01 8.554000000000000492e-01
2.037613075283447317e-01 5.640877820901699646e-01 9.278999999999999471e-01 8.397999999999999909e-01
1.430913848764703289e-01 5.047660069445931708e-01 9.461000000000000520e-01 8.568000000000000060e-01
1.761276588854565617e-01 5.323218873951601759e-01 9.325999999999999845e-01 8.447999999999999954e-01
1.648355094397032650e-01 5.500740603514683302e-01 9.346999999999999753e-01 8.381999999999999451e-01
2.117249997545251616e-01 6.085644264433793804e-01 9.234999999999999876e-01 8.264000000000000234e-01
1.525612951375609483e-01 4.960103686886784824e-01 9.424000000000000155e-01 8.546000000000000263e-01
1.491339400801855175e-01 5.133736815546149357e-01 9.446999999999999842e-01 8.516000000000000236e-01
1.678266389266368508e-01 5.025147942536178913e-01 9.379999999999999449e-01 8.516000000000000236e-01
1.695270718960004974e-01 5.202406679243002374e-01 9.372000000000000330e-01 8.487999999999999989e-01
1.767451714321718603e-01 4.850763091875280320e-01 9.365999999999999881e-01 8.467999999999999972e-01
2.843895690077046234e-01 6.083673229958782569e-01 9.028000000000000469e-01 8.384000000000000341e-01
2.229928273305543940e-01 5.003578298513857714e-01 9.163999999999999924e-01 8.374000000000000332e-01
1.850273707594389527e-01 5.247508795000308535e-01 9.304000000000000048e-01 8.524000000000000465e-01
1.684556558055738673e-01 4.921024091842240433e-01 9.370000000000000551e-01 8.486000000000000210e-01
1.688589999473595060e-01 5.297961064037188805e-01 9.363000000000000211e-01 8.464000000000000412e-01
1.970676221566401987e-01 5.523631848609881212e-01 9.305999999999999828e-01 8.524000000000000465e-01
1.995606779037385758e-01 5.138955307457542254e-01 9.262000000000000233e-01 8.447999999999999954e-01
1.672045876505580120e-01 5.447860900416868768e-01 9.362000000000000322e-01 8.444000000000000394e-01
1.689903347698355207e-01 5.123153552499074559e-01 9.378999999999999559e-01 8.479999999999999760e-01
2.014953351493043721e-01 5.439473787329219823e-01 9.264000000000000012e-01 8.508000000000000007e-01
1.744351920113235144e-01 5.102379947251817205e-01 9.345999999999999863e-01 8.519999999999999796e-01
1.636142609367375322e-01 5.240221667090358970e-01 9.412000000000000366e-01 8.457999999999999963e-01
2.308197966963152215e-01 5.606463050608970766e-01 9.177999999999999492e-01 8.364000000000000323e-01
1.687019977911113910e-01 5.411746933011785110e-01 9.382000000000000339e-01 8.506000000000000227e-01
2.701963725925545234e-01 5.657790601901379057e-01 8.981000000000000094e-01 8.214000000000000190e-01
1.624922648503921152e-01 5.079776189022584543e-01 9.406999999999999806e-01 8.484000000000000430e-01
2.088164496424944339e-01 4.999067776940317454e-01 9.258999999999999453e-01 8.506000000000000227e-01
2.124070535394837755e-01 5.164417094226990690e-01 9.195999999999999730e-01 8.456000000000000183e-01
1.886219507247377802e-01 4.875685625410233759e-01 9.316999999999999726e-01 8.509999999999999787e-01
1.905301152118527575e-01 5.097432440812553756e-01 9.253000000000000114e-01 8.417999999999999927e-01
1.965560805618951634e-01 4.976533653581991512e-01 9.232000000000000206e-01 8.394000000000000350e-01
1.569492587920280624e-01 4.753912143037034022e-01 9.431000000000000494e-01 8.574000000000000510e-01
1.902359942047175123e-01 5.131042976484245788e-01 9.311000000000000387e-01 8.497999999999999998e-01
1.920421184541586390e-01 5.002418611044128216e-01 9.267999999999999572e-01 8.501999999999999558e-01
1.678808256463189541e-01 4.704707816123123165e-01 9.423000000000000265e-01 8.566000000000000281e-01
1.782645380759584619e-01 5.638528252944667862e-01 9.328999999999999515e-01 8.518000000000000016e-01
1.799137213041080430e-01 5.079109978654167135e-01 9.303000000000000158e-01 8.504000000000000448e-01
2.664826072219590447e-01 6.738414261513893111e-01 9.112999999999999989e-01 8.249999999999999556e-01
1.651751024565007997e-01 5.301810902183731189e-01 9.383000000000000229e-01 8.476000000000000201e-01
1.442212133031073873e-01 5.137869258649542248e-01 9.464000000000000190e-01 8.579999999999999849e-01
1.936806843596043104e-01 4.829735280009507803e-01 9.354000000000000092e-01 8.521999999999999575e-01
1.754871908251856572e-01 4.946317351919408134e-01 9.307999999999999607e-01 8.457999999999999963e-01
2.826761260513484530e-01 6.326329363559552998e-01 9.012000000000000011e-01 8.269999999999999574e-01
1.892777746854593379e-01 5.064238227259375558e-01 9.296999999999999709e-01 8.446000000000000174e-01
1.628993153071058853e-01 4.915647190584058190e-01 9.417999999999999705e-01 8.524000000000000465e-01
1.552286030893242352e-01 4.897878040555787016e-01 9.453000000000000291e-01 8.516000000000000236e-01
1.711320133591820725e-01 5.262408555279693978e-01 9.364000000000000101e-01 8.528000000000000025e-01
1.480558860258299192e-01 4.714645625349346836e-01 9.444000000000000172e-01 8.538000000000000034e-01
1.415939870066704742e-01 4.655656021271439293e-01 9.512000000000000455e-01 8.598000000000000087e-01
1.908381346703501569e-01 5.173533864610204702e-01 9.265999999999999792e-01 8.379999999999999671e-01
1.404464738706380222e-01 4.945531019158170283e-01 9.463000000000000300e-01 8.571999999999999620e-01
1.979581367140882397e-01 5.062776739375433044e-01 9.345999999999999863e-01 8.429999999999999716e-01
1.965846240941487855e-01 5.599075352353213297e-01 9.284999999999999920e-01 8.497999999999999998e-01
1.738680896667701148e-01 5.017001675366805635e-01 9.323000000000000176e-01 8.506000000000000227e-01
1.834531027560878935e-01 5.466385210131496919e-01 9.345999999999999863e-01 8.406000000000000139e-01
1.303018202591990360e-01 4.862587930200963360e-01 9.513000000000000345e-01 8.648000000000000131e-01
2.087190567295628130e-01 6.290790833039316965e-01 9.220000000000000417e-01 8.349999999999999645e-01
2.353392864143765695e-01 5.789325432838492436e-01 9.129000000000000448e-01 8.407999999999999918e-01
1.766639544447114463e-01 5.357082905972183617e-01 9.332000000000000295e-01 8.511999999999999567e-01
2.036536465624803338e-01 5.360366875097127837e-01 9.205999999999999739e-01 8.364000000000000323e-01
1.910563432255296679e-01 5.421692188419905412e-01 9.280000000000000471e-01 8.387999999999999901e-01
2.087319240523046182e-01 5.339073118447750232e-01 9.235999999999999766e-01 8.372000000000000552e-01
1.879486226525978187e-01 5.206355405797968849e-01 9.298999999999999488e-01 8.379999999999999671e-01
2.526609943609254838e-01 6.267047515617643061e-01 9.127999999999999448e-01 8.299999999999999600e-01
2.223216453910710766e-01 5.413610168422324787e-01 9.177999999999999492e-01 8.354000000000000314e-01
3.026139680504164597e-01 6.169661980582217264e-01 8.944999999999999618e-01 8.192000000000000393e-01
1.492759283393411684e-01 4.818150344577697974e-01 9.448999999999999622e-01 8.581999999999999629e-01
1.411520885834249284e-01 4.956885535053573433e-01 9.485000000000000098e-01 8.496000000000000218e-01
1.476670139722834063e-01 4.979235583000207743e-01 9.465000000000000080e-01 8.514000000000000457e-01
2.600499055081987310e-01 6.170359572338965926e-01 9.044999999999999707e-01 8.212000000000000410e-01
2.077916653801462066e-01 5.596430814633488460e-01 9.262000000000000233e-01 8.404000000000000359e-01
1.668891371999252082e-01 4.955574933092044554e-01 9.375000000000000000e-01 8.479999999999999760e-01
1.486841480955996553e-01 5.313196307944398900e-01 9.446999999999999842e-01 8.526000000000000245e-01
1.819184541705902158e-01 5.455652720793572330e-01 9.271000000000000352e-01 8.329999999999999627e-01
1.665659115523283607e-01 5.082050801409317975e-01 9.360000000000000542e-01 8.509999999999999787e-01
1.693715216552626190e-01 5.780036546395391772e-01 9.363000000000000211e-01 8.451999999999999513e-01
1.703132476027946207e-01 5.216365756617620253e-01 9.367999999999999661e-01 8.556000000000000272e-01
1.911042130250725224e-01 4.686213005502959383e-01 9.277999999999999581e-01 8.449999999999999734e-01
1.994975150757596627e-01 5.564278376018829686e-01 9.257999999999999563e-01 8.406000000000000139e-01
2.160731687231541298e-01 5.589875522624710991e-01 9.207999999999999519e-01 8.364000000000000323e-01
1.770525032817197031e-01 5.365251591463819913e-01 9.356999999999999762e-01 8.424000000000000377e-01
1.445750208703059092e-01 4.527150864918950690e-01 9.473000000000000309e-01 8.519999999999999796e-01
2.262719603612300401e-01 5.404870976701875440e-01 9.253000000000000114e-01 8.444000000000000394e-01
2.425476857688204646e-01 5.900312512975713908e-01 9.122000000000000108e-01 8.277999999999999803e-01
1.958189765298072593e-01 5.128424874096437769e-01 9.290000000000000480e-01 8.439999999999999725e-01
1.653335532816382902e-01 5.003003877842108205e-01 9.396999999999999797e-01 8.434000000000000385e-01
1.471996487677580401e-01 4.943003986088920776e-01 9.459999999999999520e-01 8.548000000000000043e-01
1.993254966421359742e-01 5.015751117811125814e-01 9.244999999999999885e-01 8.441999999999999504e-01
1.616532735555297196e-01 4.515643330321820192e-01 9.384000000000000119e-01 8.531999999999999584e-01
2.130572747486892682e-01 5.348352598269822122e-01 9.144999999999999796e-01 8.292000000000000481e-01
1.738172966048966150e-01 4.932547479041531902e-01 9.367999999999999661e-01 8.504000000000000448e-01
1.486977892910085197e-01 4.943525355325776860e-01 9.427999999999999714e-01 8.558000000000000052e-01
1.624573702927750163e-01 5.680199434014093773e-01 9.397999999999999687e-01 8.521999999999999575e-01
1.956043977928849376e-01 5.284800114562258067e-01 9.297999999999999599e-01 8.417999999999999927e-01
2.127559374939828052e-01 5.665377560252067290e-01 9.219000000000000528e-01 8.369999999999999662e-01
1.644218021572380617e-01 5.533220796700498711e-01 9.381000000000000449e-01 8.457999999999999963e-01
1.429722202832258982e-01 4.986887824801512492e-01 9.434000000000000163e-01 8.516000000000000236e-01
1.319635781345779024e-01 5.192159130716240689e-01 9.529999999999999583e-01 8.558000000000000052e-01
1.630987960812679827e-01 5.068389042962174740e-01 9.411000000000000476e-01 8.534000000000000474e-01
1.539280977256987093e-01 4.888303400471084581e-01 9.438999999999999613e-01 8.534000000000000474e-01
2.318705331724630891e-01 5.427059098533448811e-01 9.115999999999999659e-01 8.284000000000000252e-01
1.849422090728038703e-01 5.562613520483453700e-01 9.284999999999999920e-01 8.394000000000000350e-01
1.743239164530439866e-01 4.859194644021731513e-01 9.340000000000000524e-01 8.451999999999999513e-01
1.494059521362752219e-01 4.739582345755971593e-01 9.483000000000000318e-01 8.531999999999999584e-01
1.740218846145259179e-01 5.278774146045854820e-01 9.382000000000000339e-01 8.497999999999999998e-01
1.600288612511273356e-01 5.477929859254556666e-01 9.415000000000000036e-01 8.461999999999999522e-01
1.755368842386019756e-01 5.460676347196298241e-01 9.338999999999999524e-01 8.404000000000000359e-01
1.862694243807287986e-01 5.097996022044938291e-01 9.334999999999999964e-01 8.486000000000000210e-01
1.607696007607822275e-01 5.105344774409718012e-01 9.424000000000000155e-01 8.519999999999999796e-01
2.031000793881485578e-01 5.378391242335320843e-01 9.300000000000000488e-01 8.406000000000000139e-01
2.330628465574613173e-01 5.794777427393048574e-01 9.118000000000000549e-01 8.324000000000000288e-01
1.871848470884385496e-01 5.707849086669551930e-01 9.308999999999999497e-01 8.469999999999999751e-01
1.244160005977391625e-01 4.766044498097093407e-01 9.568999999999999728e-01 8.594000000000000528e-01
1.543441644658339884e-01 5.410420700639624325e-01 9.428999999999999604e-01 8.541999999999999593e-01
1.627682905925932899e-01 5.215427001401861107e-01 9.395000000000000018e-01 8.521999999999999575e-01
1.186325380588958006e-01 4.734308605477444143e-01 9.575000000000000178e-01 8.606000000000000316e-01
1.569755553078824861e-01 4.690111258254443527e-01 9.444000000000000172e-01 8.578000000000000069e-01
2.042841058325912673e-01 5.494005075855066256e-01 9.250000000000000444e-01 8.494000000000000439e-01
1.403244428054258863e-01 5.187127495421149925e-01 9.474000000000000199e-01 8.599999999999999867e-01
1.791353271176178430e-01 5.207831469508381605e-01 9.305999999999999828e-01 8.416000000000000147e-01
1.507994527177458077e-01 4.873352558671037449e-01 9.405999999999999917e-01 8.548000000000000043e-01
1.701017855550105984e-01 5.082343926850965143e-01 9.362000000000000322e-01 8.454000000000000403e-01
1.757705255883652562e-01 5.176063092144851385e-01 9.306999999999999718e-01 8.416000000000000147e-01
1.757127956527615997e-01 5.266562721711519623e-01 9.382000000000000339e-01 8.436000000000000165e-01
1.948825642099069333e-01 5.298700469955925918e-01 9.292000000000000259e-01 8.359999999999999654e-01
2.147218197379853755e-01 5.676191358879676407e-01 9.274000000000000021e-01 8.379999999999999671e-01
1.474649845601054554e-01 4.597458685652288102e-01 9.484000000000000208e-01 8.604000000000000536e-01
2.100619874202301618e-01 5.578137270536913661e-01 9.243999999999999995e-01 8.434000000000000385e-01
2.320460040887463160e-01 5.936315601166273215e-01 9.130000000000000338e-01 8.366000000000000103e-01
1.913125989588148057e-01 5.426825032468365340e-01 9.355999999999999872e-01 8.454000000000000403e-01
2.045159093020362806e-01 5.389052458786676159e-01 9.253000000000000114e-01 8.456000000000000183e-01
2.054694481348508239e-01 5.516932679586343813e-01 9.290000000000000480e-01 8.551999999999999602e-01
1.566639711830135062e-01 4.716666494889177330e-01 9.439999999999999503e-01 8.571999999999999620e-01
1.526440111133726130e-01 4.516530420269170287e-01 9.468999999999999639e-01 8.566000000000000281e-01
1.753139067370692861e-01 5.306811251184002654e-01 9.364000000000000101e-01 8.481999999999999540e-01
1.825430177310365387e-01 5.204902188395149620e-01 9.257999999999999563e-01 8.427999999999999936e-01
1.558584528917317802e-01 5.105280025947916966e-01 9.388999999999999568e-01 8.504000000000000448e-01
1.558947342443338935e-01 4.856988224336440951e-01 9.413000000000000256e-01 8.524000000000000465e-01
1.842704016227088570e-01 5.229885232843506371e-01 9.273000000000000131e-01 8.364000000000000323e-01
1.878385930981504859e-01 5.855618160468920586e-01 9.306999999999999718e-01 8.427999999999999936e-01
1.358321966586670815e-01 5.286570683883196065e-01 9.487999999999999767e-01 8.496000000000000218e-01
2.303419876976554037e-01 5.839853107246969488e-01 9.237999999999999545e-01 8.399999999999999689e-01
1.992588017952241497e-01 5.319664366947640666e-01 9.305999999999999828e-01 8.477999999999999980e-01
2.700454288973150319e-01 7.125559930099504280e-01 9.133999999999999897e-01 8.259999999999999565e-01
1.843958199082517124e-01 5.174186007000728393e-01 9.326999999999999735e-01 8.481999999999999540e-01
1.900877633860238447e-01 5.521806095993366803e-01 9.305999999999999828e-01 8.541999999999999593e-01
1.638642869306099203e-01 4.671202006201808921e-01 9.402000000000000357e-01 8.539999999999999813e-01
2.312963065259946160e-01 5.074704326162488011e-01 9.197999999999999510e-01 8.449999999999999734e-01
1.574476349317341095e-01 5.397810637893046826e-01 9.462000000000000410e-01 8.497999999999999998e-01
1.706239312525489882e-01 4.900544303991788420e-01 9.365999999999999881e-01 8.526000000000000245e-01
1.555963175231937501e-01 5.468750454453722432e-01 9.363000000000000211e-01 8.441999999999999504e-01
1.810156972751642834e-01 5.399288902280116043e-01 9.310000000000000497e-01 8.419999999999999707e-01
2.320161657265850386e-01 5.230488259599577194e-01 9.140000000000000346e-01 8.326000000000000068e-01
3.207704287157586154e-01 6.794444392993693738e-01 8.757000000000000339e-01 7.992000000000000215e-01
1.374446881518139318e-01 4.784367199097266932e-01 9.527999999999999803e-01 8.521999999999999575e-01
2.845405992253229877e-01 6.314177226131756360e-01 8.951999999999999957e-01 8.207999999999999741e-01
1.469690069853099856e-01 5.383367933118157200e-01 9.464000000000000190e-01 8.598000000000000087e-01
1.749727105283361561e-01 4.967280969807981728e-01 9.348999999999999533e-01 8.451999999999999513e-01
2.052772365486997264e-01 5.664067412127022916e-01 9.196999999999999620e-01 8.359999999999999654e-01
1.877541310728902957e-01 4.844780476928177704e-01 9.324999999999999956e-01 8.504000000000000448e-01
2.450834277225071300e-01 5.744917254892044634e-01 9.072000000000000064e-01 8.294000000000000261e-01
2.013673217055078346e-01 5.586781494974678575e-01 9.293000000000000149e-01 8.387999999999999901e-01
1.626060761620745365e-01 5.889263355337543970e-01 9.418999999999999595e-01 8.518000000000000016e-01
1.765807074121243103e-01 5.293759013758977394e-01 9.354000000000000092e-01 8.536000000000000254e-01
1.851720565558283016e-01 5.299636931322686539e-01 9.324000000000000066e-01 8.466000000000000192e-01
1.618239426309387996e-01 5.149971785656716206e-01 9.383000000000000229e-01 8.414000000000000368e-01
2.421889303914486757e-01 5.956627060003606422e-01 9.080000000000000293e-01 8.326000000000000068e-01
2.064360504116198591e-01 5.567650078297010641e-01 9.203000000000000069e-01 8.407999999999999918e-01
1.716096375499670257e-01 5.016888510271690915e-01 9.372000000000000330e-01 8.481999999999999540e-01
1.430653495420524390e-01 4.983149662390465862e-01 9.471000000000000529e-01 8.561999999999999611e-01
2.901099478735021941e-01 6.612482253296544377e-01 8.962999999999999856e-01 8.302000000000000490e-01
2.158786617992412282e-01 5.694843730791521175e-01 9.213000000000000078e-01 8.424000000000000377e-01
2.419305111304691225e-01 5.873620039640873314e-01 9.197999999999999510e-01 8.499999999999999778e-01
2.509568878040886464e-01 6.157177579540671353e-01 9.081000000000000183e-01 8.182000000000000384e-01
1.585823425161364542e-01 5.209634770833786455e-01 9.392000000000000348e-01 8.474000000000000421e-01
1.788465507387268227e-01 5.328714464354105118e-01 9.368999999999999551e-01 8.536000000000000254e-01
2.521743708765980529e-01 5.833278004760112934e-01 9.008000000000000451e-01 8.276000000000000023e-01
1.641424243539759964e-01 4.999370394620021862e-01 9.422000000000000375e-01 8.536000000000000254e-01
2.357104297350132993e-01 6.000912314982330686e-01 9.263000000000000123e-01 8.397999999999999909e-01
2.172648688568408482e-01 5.128784721815223824e-01 9.132000000000000117e-01 8.306000000000000050e-01
1.501005498743318567e-01 4.918554948340844724e-01 9.432000000000000384e-01 8.504000000000000448e-01
2.302480846441612439e-01 5.876251066974225168e-01 9.201000000000000290e-01 8.359999999999999654e-01
2.724477010374683483e-01 5.925756461381099793e-01 9.043999999999999817e-01 8.245999999999999996e-01
1.625714323069606393e-01 5.025146641067036457e-01 9.431000000000000494e-01 8.546000000000000263e-01
2.030370154220228762e-01 5.236893670346929319e-01 9.314000000000000057e-01 8.514000000000000457e-01
3.159288596334577925e-01 6.807214736879444450e-01 8.791999999999999815e-01 8.034000000000000030e-01
1.408609136950915441e-01 4.893950556824311349e-01 9.489999999999999547e-01 8.526000000000000245e-01
1.553370509219627604e-01 4.999019746500987793e-01 9.384000000000000119e-01 8.516000000000000236e-01
2.640317030111349328e-01 6.139433481532907688e-01 9.002999999999999892e-01 8.189999999999999503e-01
1.677144640618387361e-01 5.311681098989048389e-01 9.343000000000000194e-01 8.451999999999999513e-01
2.252375345351219083e-01 5.812586928233799410e-01 9.172000000000000153e-01 8.359999999999999654e-01
1.754466673421156420e-01 5.266319481496302135e-01 9.374000000000000110e-01 8.504000000000000448e-01
1.517592540645788524e-01 5.403778960278290411e-01 9.455999999999999961e-01 8.459999999999999742e-01
1.642228909947007487e-01 5.199117732324837204e-01 9.394000000000000128e-01 8.506000000000000227e-01
1.692797214886515578e-01 5.537571104392849941e-01 9.383000000000000229e-01 8.526000000000000245e-01
2.008240717005220499e-01 5.675884729559025343e-01 9.288999999999999480e-01 8.409999999999999698e-01
1.964287573262445685e-01 5.422523804176544449e-01 9.334000000000000075e-01 8.407999999999999918e-01
1.633086310860224766e-01 5.331018059392382824e-01 9.388999999999999568e-01 8.497999999999999998e-01
1.666236395033312834e-01 5.507116265101725805e-01 9.370000000000000551e-01 8.529999999999999805e-01
1.599909758342746569e-01 5.292885889896457030e-01 9.383000000000000229e-01 8.441999999999999504e-01
1.615158019522509869e-01 4.896178680232924352e-01 9.427999999999999714e-01 8.444000000000000394e-01
1.605866585092040610e-01 5.628190947775849606e-01 9.411000000000000476e-01 8.528000000000000025e-01
1.422585799417904751e-01 5.672099543500402907e-01 9.462000000000000410e-01 8.441999999999999504e-01
1.737515245674382536e-01 5.114658693106461929e-01 9.344000000000000083e-01 8.386000000000000121e-01
1.828351468695366966e-01 4.935751770356568424e-01 9.355999999999999872e-01 8.444000000000000394e-01
1.573398501161710206e-01 5.358369329487913113e-01 9.419999999999999485e-01 8.454000000000000403e-01
1.824963307966517290e-01 5.474717119305727575e-01 9.351000000000000423e-01 8.539999999999999813e-01
1.802961699726081390e-01 5.141156411569525186e-01 9.345999999999999863e-01 8.491999999999999549e-01
1.350336784265543655e-01 5.382234954316796882e-01 9.515000000000000124e-01 8.479999999999999760e-01
1.413467649119712066e-01 5.130984718216141660e-01 9.518999999999999684e-01 8.539999999999999813e-01
1.549921872510367782e-01 5.207394373483388295e-01 9.396999999999999797e-01 8.561999999999999611e-01
1.840208261955607327e-01 5.710026177219967858e-01 9.324999999999999956e-01 8.404000000000000359e-01
1.730796740268006340e-01 5.190995927566282031e-01 9.344999999999999973e-01 8.524000000000000465e-01
1.908309729586075143e-01 5.611663033645014620e-01 9.322000000000000286e-01 8.439999999999999725e-01
2.161098826514893934e-01 5.518580923567542040e-01 9.197999999999999510e-01 8.426000000000000156e-01
1.615690002969036865e-01 5.298097232116759647e-01 9.435000000000000053e-01 8.518000000000000016e-01
1.783435271161105951e-01 5.455140821691766284e-01 9.353000000000000203e-01 8.409999999999999698e-01
1.758640384433962922e-01 5.107293201239961888e-01 9.415000000000000036e-01 8.409999999999999698e-01
1.801174290157597224e-01 5.634082131826486650e-01 9.364999999999999991e-01 8.466000000000000192e-01
1.575009741512669315e-01 5.070601742119048572e-01 9.422000000000000375e-01 8.521999999999999575e-01
1.594946882386460707e-01 5.511233238227825071e-01 9.415000000000000036e-01 8.444000000000000394e-01
1.442053057299076402e-01 4.900676158386048087e-01 9.487999999999999767e-01 8.559999999999999831e-01
1.799556457703696544e-01 4.967717086834093632e-01 9.315999999999999837e-01 8.489999999999999769e-01
3.338343572038545148e-01 7.149698393586075840e-01 8.774999999999999467e-01 8.104000000000000092e-01
2.222920842612286507e-01 5.530631652665082276e-01 9.180000000000000382e-01 8.317999999999999838e-01
1.476352621270791698e-01 5.203539268405947826e-01 9.449999999999999512e-01 8.504000000000000448e-01
1.630110725924650006e-01 5.206901582179740418e-01 9.381000000000000449e-01 8.497999999999999998e-01
1.483527382617906565e-01 5.208529783101243371e-01 9.427999999999999714e-01 8.514000000000000457e-01
1.515330989549605878e-01 5.109857462599517453e-01 9.422000000000000375e-01 8.529999999999999805e-01
2.449831806392304412e-01 6.064612913565995411e-01 9.080000000000000293e-01 8.369999999999999662e-01
2.176506385105272667e-01 5.727278902189638643e-01 9.192000000000000171e-01 8.391999999999999460e-01
2.005192315266251524e-01 5.917143654983785250e-01 9.252000000000000224e-01 8.349999999999999645e-01
2.775240814341304874e-01 5.766097037666833014e-01 8.928000000000000380e-01 8.284000000000000252e-01
1.788506460475998427e-01 5.247319827667424885e-01 9.275999999999999801e-01 8.521999999999999575e-01
2.370270792201946142e-01 5.440588428400202625e-01 9.073999999999999844e-01 8.266000000000000014e-01
2.359417262519426794e-01 6.012166840269356216e-01 9.081000000000000183e-01 8.222000000000000419e-01
1.760354745496105766e-01 5.499675785250679461e-01 9.317999999999999616e-01 8.431999999999999496e-01
1.732664270227980696e-01 5.403711494323285569e-01 9.331000000000000405e-01 8.454000000000000403e-01
1.516045576575590637e-01 4.934985121272791875e-01 9.435999999999999943e-01 8.519999999999999796e-01
2.829444824149622839e-01 6.464029068491605745e-01 8.953999999999999737e-01 8.224000000000000199e-01
2.167544345195915045e-01 5.006640275907197069e-01 9.231000000000000316e-01 8.461999999999999522e-01
1.419327765352686455e-01 4.823945623434661711e-01 9.482000000000000428e-01 8.496000000000000218e-01
1.677795552499465603e-01 5.536934313712230660e-01 9.385000000000000009e-01 8.511999999999999567e-01
2.019535795044632154e-01 5.649781831762962225e-01 9.294999999999999929e-01 8.487999999999999989e-01
1.910307536027970599e-01 5.450440335288038174e-01 9.181000000000000272e-01 8.367999999999999883e-01
2.287192830356473694e-01 6.259798140102400543e-01 9.173000000000000043e-01 8.397999999999999909e-01
1.951494084917182459e-01 4.858283039858304342e-01 9.275999999999999801e-01 8.344000000000000306e-01
2.616252793822106959e-01 6.485454766890296208e-01 9.126999999999999558e-01 8.324000000000000288e-01
1.834271911921870890e-01 5.463439266813313600e-01 9.315999999999999837e-01 8.381999999999999451e-01
1.725157700474592160e-01 5.332618679898201153e-01 9.352000000000000313e-01 8.541999999999999593e-01
1.747469349677061856e-01 5.260415799813246140e-01 9.346999999999999753e-01 8.486000000000000210e-01
2.342829870262051750e-01 5.958803845964827373e-01 9.147999999999999465e-01 8.396000000000000130e-01
1.935382657867302236e-01 5.990096969060693111e-01 9.302000000000000268e-01 8.389999999999999680e-01
1.985507189523324501e-01 4.960538727377330481e-01 9.264999999999999902e-01 8.431999999999999496e-01
1.838883765319783981e-01 5.487564902572110714e-01 9.340000000000000524e-01 8.417999999999999927e-01
1.749197212238365051e-01 5.454103218589509972e-01 9.378999999999999559e-01 8.581999999999999629e-01
1.767666734945752827e-01 5.574931598685411993e-01 9.357999999999999652e-01 8.416000000000000147e-01
1.763147699453741224e-01 5.413672988103740424e-01 9.338999999999999524e-01 8.399999999999999689e-01
1.641303403275397588e-01 5.273281071918578533e-01 9.372000000000000330e-01 8.424000000000000377e-01
1.959520698693391627e-01 4.915499140386822563e-01 9.303000000000000158e-01 8.409999999999999698e-01
1.391225681174275419e-01 4.661096515579636890e-01 9.496999999999999886e-01 8.576000000000000290e-01
1.369764037515394106e-01 5.176499054621966911e-01 9.499999999999999556e-01 8.504000000000000448e-01
2.064761024049531768e-01 5.090335220374446745e-01 9.254999999999999893e-01 8.407999999999999918e-01
1.972641626710420204e-01 5.442214970763477044e-01 9.260000000000000453e-01 8.336000000000000076e-01
1.356775524224386464e-01 5.184195726627436329e-01 9.478999999999999648e-01 8.569999999999999840e-01
1.818458002738947143e-01 5.354123738545867317e-01 9.314999999999999947e-01 8.417999999999999927e-01
1.904728756453540339e-01 5.568688442712235176e-01 9.324999999999999956e-01 8.464000000000000412e-01
1.361717265343500016e-01 4.917151327172820108e-01 9.539999999999999591e-01 8.598000000000000087e-01
1.986983731072481663e-01 5.095979610913317082e-01 9.275999999999999801e-01 8.479999999999999760e-01
1.459637545054674190e-01 5.349143878306961142e-01 9.486999999999999877e-01 8.518000000000000016e-01
1.823750120088654114e-01 5.095518551529308882e-01 9.391000000000000458e-01 8.561999999999999611e-01
1.416785966985267264e-01 4.972519904091366461e-01 9.503000000000000336e-01 8.554000000000000492e-01
1.706155681044763950e-01 5.268524992141950802e-01 9.378999999999999559e-01 8.481999999999999540e-01
1.838070816551464759e-01 5.704101920905869649e-01 9.306999999999999718e-01 8.429999999999999716e-01
2.025280509183451094e-01 5.597725748080176755e-01 9.203999999999999959e-01 8.367999999999999883e-01
1.996160869148415618e-01 5.329444451686645712e-01 9.170000000000000373e-01 8.322000000000000508e-01
1.169966532146641397e-01 4.906267568593064565e-01 9.559999999999999609e-01 8.586000000000000298e-01
1.614757666293575866e-01 5.308838682993889391e-01 9.411000000000000476e-01 8.466000000000000192e-01
1.652503866394294529e-01 5.139356149321654410e-01 9.404000000000000137e-01 8.529999999999999805e-01
1.730246349589122101e-01 4.886873914734518598e-01 9.387999999999999678e-01 8.508000000000000007e-01
1.668635274295113824e-01 5.252741815098664890e-01 9.378999999999999559e-01 8.489999999999999769e-01
1.993881991244007279e-01 5.441330583732658654e-01 9.284000000000000030e-01 8.406000000000000139e-01
