2.026854200214626367e+00 2.028399763784868082e+00 3.841999999999999860e-01 3.735999999999999877e-01
8.097058335465401324e-01 8.319124772783627053e-01 7.023000000000000353e-01 7.046000000000000041e-01
5.658419810732273625e-01 6.123915483902346857e-01 7.960000000000000409e-01 7.828000000000000513e-01
5.472760474046872714e-01 6.075892805035882915e-01 8.054000000000000048e-01 7.907999999999999474e-01
5.083749651364209976e-01 5.720426957136551804e-01 8.131000000000000449e-01 7.935999999999999721e-01
4.628614919557657026e-01 5.364593154072865300e-01 8.337999999999999856e-01 8.107999999999999652e-01
4.818031565219795254e-01 5.656510660577472871e-01 8.257999999999999785e-01 7.963999999999999968e-01
4.906657607077885563e-01 5.896338305772280686e-01 8.194000000000000172e-01 7.885999999999999677e-01
4.268127984623655835e-01 5.232149662002187895e-01 8.495000000000000329e-01 8.189999999999999503e-01
4.171990902173836613e-01 5.311117716596290839e-01 8.466000000000000192e-01 8.104000000000000092e-01
4.315243386733619291e-01 5.310629791121215248e-01 8.436000000000000165e-01 8.077999999999999625e-01
4.247301801075299421e-01 5.276075983936270308e-01 8.445000000000000284e-01 8.065999999999999837e-01
3.664107544571816866e-01 4.879653897808682861e-01 8.663999999999999480e-01 8.274000000000000243e-01
4.670321890518464025e-01 5.779010991991458956e-01 8.328999999999999737e-01 7.972000000000000197e-01
4.130243098056625151e-01 5.415879786254294004e-01 8.485000000000000320e-01 8.142000000000000348e-01
4.640639166678273697e-01 5.899077035057072038e-01 8.199999999999999512e-01 7.762000000000000011e-01
4.145695125541816184e-01 5.438061182816351646e-01 8.469999999999999751e-01 8.127999999999999670e-01
3.710156537084412509e-01 5.004895743771534677e-01 8.656000000000000361e-01 8.194000000000000172e-01
3.709133584351833601e-01 5.172603334740025760e-01 8.624000000000000554e-01 8.237999999999999767e-01
3.309019076505453349e-01 4.818351914283798831e-01 8.783999999999999586e-01 8.364000000000000323e-01
3.354704205751121715e-01 4.804215544338857335e-01 8.773999999999999577e-01 8.319999999999999618e-01
3.504643642117288294e-01 4.918640037611649030e-01 8.760999999999999899e-01 8.239999999999999547e-01
3.875672158290726643e-01 5.370119609724066656e-01 8.596000000000000307e-01 8.204000000000000181e-01
3.587008851643359586e-01 4.993323563029187229e-01 8.645000000000000462e-01 8.137999999999999678e-01
3.654801171479249433e-01 5.335631296606581087e-01 8.616000000000000325e-01 8.077999999999999625e-01
2.913127872693445641e-01 4.584623748472937410e-01 8.959000000000000297e-01 8.429999999999999716e-01
3.171064782537996174e-01 4.852437975511051382e-01 8.841999999999999860e-01 8.384000000000000341e-01
3.474816653713219128e-01 5.323802387725619090e-01 8.725000000000000533e-01 8.269999999999999574e-01
3.486050440061707612e-01 5.215707402361033918e-01 8.656000000000000361e-01 8.125999999999999890e-01
3.319328835517174059e-01 5.059180902379515343e-01 8.739000000000000101e-01 8.259999999999999565e-01
3.414917031589290719e-01 5.380462878281945249e-01 8.761999999999999789e-01 8.257999999999999785e-01
2.976984781452061690e-01 4.686218015786982605e-01 8.911999999999999922e-01 8.386000000000000121e-01
2.835871559817748633e-01 4.727949300910254116e-01 8.968000000000000416e-01 8.374000000000000332e-01
2.992018094983389109e-01 4.616778891682610242e-01 8.909000000000000252e-01 8.374000000000000332e-01
4.067925345386026459e-01 5.715230122579166849e-01 8.359999999999999654e-01 7.875999999999999668e-01
3.162829772649577431e-01 5.333313569414216415e-01 8.872999999999999776e-01 8.317999999999999838e-01
3.090096674044239822e-01 4.964856228711412856e-01 8.832999999999999741e-01 8.282000000000000473e-01
2.923577699727298862e-01 4.896026750847817244e-01 8.943999999999999728e-01 8.374000000000000332e-01
2.625487100581020417e-01 4.752677987640008817e-01 9.048000000000000487e-01 8.397999999999999909e-01
2.720582975735277853e-01 4.817422758438815178e-01 9.005999999999999561e-01 8.376000000000000112e-01
2.892039129588187540e-01 5.080364309145581903e-01 8.911999999999999922e-01 8.356000000000000094e-01
2.646261772508596288e-01 4.666120553139705418e-01 9.041000000000000147e-01 8.369999999999999662e-01
2.752618140622060117e-01 4.962330861544123617e-01 8.972999999999999865e-01 8.364000000000000323e-01
2.823930711117522141e-01 4.917586572473022222e-01 8.979000000000000314e-01 8.414000000000000368e-01
2.763751372116040605e-01 4.872262522776010796e-01 8.988000000000000433e-01 8.359999999999999654e-01
3.039054398863987871e-01 5.089586243814130384e-01 8.907000000000000473e-01 8.304000000000000270e-01
2.875975955742276491e-01 5.209979514732639982e-01 8.950000000000000178e-01 8.292000000000000481e-01
2.424060655472461689e-01 4.638800722454959891e-01 9.103999999999999870e-01 8.429999999999999716e-01
2.773248106938137614e-01 5.038662684647854384e-01 8.980000000000000204e-01 8.282000000000000473e-01
2.850083989671668427e-01 5.164074203447318601e-01 8.955999999999999517e-01 8.242000000000000437e-01
2.543644888957636852e-01 4.920817044665991569e-01 9.089000000000000412e-01 8.429999999999999716e-01
2.833370508369963403e-01 5.027983640374109608e-01 8.962999999999999856e-01 8.254000000000000226e-01
2.745696632275206883e-01 4.854338757143035754e-01 8.993999999999999773e-01 8.386000000000000121e-01
2.398294110281462832e-01 4.797111485584975576e-01 9.103999999999999870e-01 8.466000000000000192e-01
3.002863935732513756e-01 5.062301286469056416e-01 8.823999999999999622e-01 8.234000000000000208e-01
2.592631936799579817e-01 4.836985299555564555e-01 9.079000000000000403e-01 8.454000000000000403e-01
2.598034149428947726e-01 4.892618256309074209e-01 9.039000000000000368e-01 8.319999999999999618e-01
2.722319376583866024e-01 5.138840016978849512e-01 8.968000000000000416e-01 8.289999999999999591e-01
2.401109187319446503e-01 4.778556952202016039e-01 9.144999999999999796e-01 8.431999999999999496e-01
2.736543127164556832e-01 4.944083042995127686e-01 8.980000000000000204e-01 8.299999999999999600e-01
2.149884671438356820e-01 4.682269041910147034e-01 9.183999999999999941e-01 8.491999999999999549e-01
2.752874192441986945e-01 5.433964127320480841e-01 8.989000000000000323e-01 8.359999999999999654e-01
2.849866715941200002e-01 5.319360716124499344e-01 8.928000000000000380e-01 8.272000000000000464e-01
2.305667285211062678e-01 4.736306165077215358e-01 9.153000000000000025e-01 8.374000000000000332e-01
2.392620286149990949e-01 4.930216531372595412e-01 9.099000000000000421e-01 8.391999999999999460e-01
2.194899637756736743e-01 4.707279352672623651e-01 9.220000000000000417e-01 8.399999999999999689e-01
2.434991266386304365e-01 4.992128065673617776e-01 9.089000000000000412e-01 8.349999999999999645e-01
2.809780810911101656e-01 5.260682753694028158e-01 8.954999999999999627e-01 8.354000000000000314e-01
2.412356386052491308e-01 4.767665515907954510e-01 9.100000000000000311e-01 8.394000000000000350e-01
2.408271429309324085e-01 4.810642443314929739e-01 9.119000000000000439e-01 8.411999999999999478e-01
2.841315532285646484e-01 5.584308185871633690e-01 8.909000000000000252e-01 8.229999999999999538e-01
2.155249567770404495e-01 4.639251014802763251e-01 9.230000000000000426e-01 8.456000000000000183e-01
2.843061307468631727e-01 5.537224486257852352e-01 8.857000000000000428e-01 8.212000000000000410e-01
2.866051282755809337e-01 5.396655504416965066e-01 8.923999999999999710e-01 8.182000000000000384e-01
2.485883420469512106e-01 5.027430039932254680e-01 9.035999999999999588e-01 8.259999999999999565e-01
2.530690885485177843e-01 5.090621591299212545e-01 9.043999999999999817e-01 8.372000000000000552e-01
2.337534853723318429e-01 4.968023880060317699e-01 9.124999999999999778e-01 8.374000000000000332e-01
2.601649986713748253e-01 5.302657612182816171e-01 9.048000000000000487e-01 8.329999999999999627e-01
2.612436626350744251e-01 5.379234194446204098e-01 8.997000000000000552e-01 8.244000000000000217e-01
2.672562565004107382e-01 5.605741599343118109e-01 9.004999999999999671e-01 8.342000000000000526e-01
2.279278732885379188e-01 4.901549122055030017e-01 9.149000000000000465e-01 8.424000000000000377e-01
2.606088084589615606e-01 5.409987942578406983e-01 9.020000000000000240e-01 8.294000000000000261e-01
2.391174555262897128e-01 5.169672538346549162e-01 9.112000000000000099e-01 8.354000000000000314e-01
2.606681663670908922e-01 5.713803927195807431e-01 9.060000000000000275e-01 8.362000000000000544e-01
2.185403650036448209e-01 5.029453474369107724e-01 9.183999999999999941e-01 8.387999999999999901e-01
2.171859584582598590e-01 5.087145713916545464e-01 9.206999999999999629e-01 8.399999999999999689e-01
2.391272158910259238e-01 5.034120600745687346e-01 9.120000000000000329e-01 8.446000000000000174e-01
2.312327422320345216e-01 4.763324019538804355e-01 9.147999999999999465e-01 8.411999999999999478e-01
2.330278366997981798e-01 4.832061290820766075e-01 9.146999999999999575e-01 8.387999999999999901e-01
2.325963021226626903e-01 5.074936215282430663e-01 9.180000000000000382e-01 8.376000000000000112e-01
2.261545859563788285e-01 4.904407720962229988e-01 9.199000000000000510e-01 8.417999999999999927e-01
2.209200250923269437e-01 5.064470053941336758e-01 9.161000000000000254e-01 8.364000000000000323e-01
2.505265751204657221e-01 5.252229575168410047e-01 9.096999999999999531e-01 8.364000000000000323e-01
2.205712205554338778e-01 4.998366205830027109e-01 9.192000000000000171e-01 8.381999999999999451e-01
1.950530768543408677e-01 4.719503458587866462e-01 9.302000000000000268e-01 8.494000000000000439e-01
2.218102616296031004e-01 5.044221669518853535e-01 9.213000000000000078e-01 8.401999999999999469e-01
2.521074530181169338e-01 5.199899638037928096e-01 9.061000000000000165e-01 8.306000000000000050e-01
2.225609712333584955e-01 5.115489244994687601e-01 9.166999999999999593e-01 8.374000000000000332e-01
2.259719753542074605e-01 5.084703853583325550e-01 9.149000000000000465e-01 8.332000000000000517e-01
2.286912667654119879e-01 5.284883140956530001e-01 9.109000000000000430e-01 8.381999999999999451e-01
2.489826531955544875e-01 5.515964933242180068e-01 9.073999999999999844e-01 8.337999999999999856e-01
2.472754147677198033e-01 5.421690392989143570e-01 9.032000000000000028e-01 8.286000000000000032e-01
2.159200711737978007e-01 5.020616767512662282e-01 9.213999999999999968e-01 8.399999999999999689e-01
2.320703064499887724e-01 4.857045774933559379e-01 9.125999999999999668e-01 8.336000000000000076e-01
1.853378818395489680e-01 4.770290934621299050e-01 9.338999999999999524e-01 8.479999999999999760e-01
2.131120760687062188e-01 4.825948605889888166e-01 9.239000000000000545e-01 8.396000000000000130e-01
2.441182588553759969e-01 5.377998028127687347e-01 9.065999999999999615e-01 8.296000000000000041e-01
2.060643512188436166e-01 5.050454799121077976e-01 9.231000000000000316e-01 8.429999999999999716e-01
2.084098127256387711e-01 5.050038059831158943e-01 9.244999999999999885e-01 8.344000000000000306e-01
1.832866284296217896e-01 4.789061759878271984e-01 9.352000000000000313e-01 8.449999999999999734e-01
1.926898319926866332e-01 5.071496698399465819e-01 9.291000000000000369e-01 8.354000000000000314e-01
1.888827479436696599e-01 4.716973744443167527e-01 9.337999999999999634e-01 8.484000000000000430e-01
1.884167434751783665e-01 4.729088823522756835e-01 9.322000000000000286e-01 8.469999999999999751e-01
2.211823667679640171e-01 5.140280790698152913e-01 9.171000000000000263e-01 8.374000000000000332e-01
2.044457163633024155e-01 5.189020432982209829e-01 9.284999999999999920e-01 8.342000000000000526e-01
1.887942171445745887e-01 4.889739964045696219e-01 9.323000000000000176e-01 8.401999999999999469e-01
1.967266113547201378e-01 4.941302076855982883e-01 9.257999999999999563e-01 8.437999999999999945e-01
2.258310851350116000e-01 5.148153107384683125e-01 9.144999999999999796e-01 8.324000000000000288e-01
1.874050780100003089e-01 4.961860822348991840e-01 9.317999999999999616e-01 8.399999999999999689e-01
2.410609161110753573e-01 5.468200487076515515e-01 9.093999999999999861e-01 8.252000000000000446e-01
2.003786887284954854e-01 4.965878939699681638e-01 9.296999999999999709e-01 8.421999999999999487e-01
2.168054677825141385e-01 5.150714728568241974e-01 9.187999999999999501e-01 8.394000000000000350e-01
2.182122041820220570e-01 5.238436569546423005e-01 9.173000000000000043e-01 8.466000000000000192e-01
2.236397959525390500e-01 5.180418892944422815e-01 9.114999999999999769e-01 8.332000000000000517e-01
2.129498398697715900e-01 5.240665834109174970e-01 9.193000000000000060e-01 8.352000000000000535e-01
1.847661551034282257e-01 4.855573136361803210e-01 9.330000000000000515e-01 8.374000000000000332e-01
2.710682759910255091e-01 5.380172885780029057e-01 8.981000000000000094e-01 8.155999999999999917e-01
1.855883572532840420e-01 4.970038025739658138e-01 9.316999999999999726e-01 8.411999999999999478e-01
1.984245209318243885e-01 5.182503312521268279e-01 9.266999999999999682e-01 8.424000000000000377e-01
1.978812005443024713e-01 5.320654605874002296e-01 9.257999999999999563e-01 8.416000000000000147e-01
1.994881842059181842e-01 5.082053521193736767e-01 9.242000000000000215e-01 8.421999999999999487e-01
1.980455917342919259e-01 5.252079527853112939e-01 9.268999999999999462e-01 8.437999999999999945e-01
2.353675200016581148e-01 5.745625177946011020e-01 9.075999999999999623e-01 8.299999999999999600e-01
2.244854673778810261e-01 5.622742779441196603e-01 9.175999999999999712e-01 8.342000000000000526e-01
1.913591978302006946e-01 5.048425848958227879e-01 9.295999999999999819e-01 8.346000000000000085e-01
2.327193193845964181e-01 5.703870155626327154e-01 9.110000000000000320e-01 8.306000000000000050e-01
2.378342184716587815e-01 5.249853141461137129e-01 9.083999999999999853e-01 8.304000000000000270e-01
2.115562615519808454e-01 5.108973738213585802e-01 9.193999999999999950e-01 8.306000000000000050e-01
2.454497138088938268e-01 5.631991173861945477e-01 9.034999999999999698e-01 8.145999999999999908e-01
2.100428102209154491e-01 5.251578302755045558e-01 9.209000000000000519e-01 8.344000000000000306e-01
2.066668922950850307e-01 4.992664132385556397e-01 9.223000000000000087e-01 8.439999999999999725e-01
1.763861753703931390e-01 4.939082753721673602e-01 9.364999999999999991e-01 8.471999999999999531e-01
2.275200615335738752e-01 5.191290536073123185e-01 9.157999999999999474e-01 8.356000000000000094e-01
1.915396372926565505e-01 5.094536706581230812e-01 9.287999999999999590e-01 8.396000000000000130e-01
2.110396793375265978e-01 5.030092786561840557e-01 9.193999999999999950e-01 8.314000000000000279e-01
2.839491059487215807e-01 5.816226889575711878e-01 8.875999999999999446e-01 8.055999999999999828e-01
2.318106367016856961e-01 5.703149925009269872e-01 9.144999999999999796e-01 8.314000000000000279e-01
1.650682292882785784e-01 4.889154868282357680e-01 9.411000000000000476e-01 8.446000000000000174e-01
2.216194763485146157e-01 5.362365018481006773e-01 9.153000000000000025e-01 8.357999999999999874e-01
2.464463562719851342e-01 5.871567390474341508e-01 9.029000000000000359e-01 8.162000000000000366e-01
2.576164812549409100e-01 5.383977472522695207e-01 8.951999999999999957e-01 8.264000000000000234e-01
2.101098726057665234e-01 5.263865749532982141e-01 9.202000000000000179e-01 8.417999999999999927e-01
2.118874457375602427e-01 5.110897884590710483e-01 9.234999999999999876e-01 8.299999999999999600e-01
1.849958865878814640e-01 5.116886756286902482e-01 9.323000000000000176e-01 8.434000000000000385e-01
1.812788871158122761e-01 4.928224800858017063e-01 9.344999999999999973e-01 8.426000000000000156e-01
2.166386356386262035e-01 5.412941952001159018e-01 9.222000000000000197e-01 8.421999999999999487e-01
3.138624692590343268e-01 6.720959488765043677e-01 8.779000000000000137e-01 7.995999999999999774e-01
1.940238834961992287e-01 5.208144088512629555e-01 9.274000000000000021e-01 8.391999999999999460e-01
1.777707502072192747e-01 5.262757560040551841e-01 9.355999999999999872e-01 8.419999999999999707e-01
1.906349092858327932e-01 5.461968196652217111e-01 9.255999999999999783e-01 8.339999999999999636e-01
1.916662307831392409e-01 5.256910215959169630e-01 9.263000000000000123e-01 8.441999999999999504e-01
1.561330751030572950e-01 4.818331470012975903e-01 9.442000000000000393e-01 8.461999999999999522e-01
2.138444374227745359e-01 5.434215134167692529e-01 9.210000000000000409e-01 8.419999999999999707e-01
1.998255097630768085e-01 5.357557574027667080e-01 9.274000000000000021e-01 8.369999999999999662e-01
1.595057880034501385e-01 4.859593484236383043e-01 9.426999999999999824e-01 8.419999999999999707e-01
2.308612164957214163e-01 5.645110109988883407e-01 9.103999999999999870e-01 8.376000000000000112e-01
2.430885748112493194e-01 5.605046503961166326e-01 9.124999999999999778e-01 8.327999999999999847e-01
1.875893206710259054e-01 5.066072568311521529e-01 9.328999999999999515e-01 8.366000000000000103e-01
2.083261387766800476e-01 5.571817454543098735e-01 9.231000000000000316e-01 8.327999999999999847e-01
1.909541055734742809e-01 5.332746995463878426e-01 9.307999999999999607e-01 8.426000000000000156e-01
2.066741820459752355e-01 5.599521317198646875e-01 9.222000000000000197e-01 8.344000000000000306e-01
1.800380721774441917e-01 5.099476740228763294e-01 9.321000000000000396e-01 8.489999999999999769e-01
1.787161356127048850e-01 5.165982378983408063e-01 9.366999999999999771e-01 8.497999999999999998e-01
2.265611877430729615e-01 5.798614557511246881e-01 9.134999999999999787e-01 8.169999999999999485e-01
2.354115054061460821e-01 5.734535937742247791e-01 9.106999999999999540e-01 8.344000000000000306e-01
2.009409583384188791e-01 5.269275942785830447e-01 9.243999999999999995e-01 8.327999999999999847e-01
1.861229678313824076e-01 5.212974365805920218e-01 9.298999999999999488e-01 8.431999999999999496e-01
1.804864641214501686e-01 5.078393465588353362e-01 9.332000000000000295e-01 8.431999999999999496e-01
2.281972393073828376e-01 5.424837780105222773e-01 9.185999999999999721e-01 8.274000000000000243e-01
2.219098146513332759e-01 5.534127502203232130e-01 9.181000000000000272e-01 8.307999999999999829e-01
2.323287275718538269e-01 5.615038487156043256e-01 9.072999999999999954e-01 8.276000000000000023e-01
2.076671597029446370e-01 5.437259854998139907e-01 9.201000000000000290e-01 8.284000000000000252e-01
1.747643238796493803e-01 5.056941583328143919e-01 9.353000000000000203e-01 8.416000000000000147e-01
2.066664430372861794e-01 5.168035991615786973e-01 9.209000000000000519e-01 8.354000000000000314e-01
2.243570042768784911e-01 5.443935444176957184e-01 9.118000000000000549e-01 8.225999999999999979e-01
1.968309624570609984e-01 5.257747790940416888e-01 9.262000000000000233e-01 8.381999999999999451e-01
1.674368101843208834e-01 4.874272988554437802e-01 9.409999999999999476e-01 8.474000000000000421e-01
2.139260615994854620e-01 5.395014111336555729e-01 9.183999999999999941e-01 8.377999999999999892e-01
2.038246750689724773e-01 5.541595579832637730e-01 9.193000000000000060e-01 8.366000000000000103e-01
1.984566434537600732e-01 5.007783128000170558e-01 9.281000000000000361e-01 8.389999999999999680e-01
1.739564982852788155e-01 5.043020484580663654e-01 9.388999999999999568e-01 8.401999999999999469e-01
2.074962805108342412e-01 5.655578205018438886e-01 9.176999999999999602e-01 8.306000000000000050e-01
1.665175150653210867e-01 5.056063274806487096e-01 9.374000000000000110e-01 8.414000000000000368e-01
2.011805742032670707e-01 5.196678098263975976e-01 9.251000000000000334e-01 8.347999999999999865e-01
1.845137992639646340e-01 5.004121264715991613e-01 9.334000000000000075e-01 8.414000000000000368e-01
1.920809226481113852e-01 5.356272946748704689e-01 9.305999999999999828e-01 8.379999999999999671e-01
1.600611216909887946e-01 4.927786628562919047e-01 9.425999999999999934e-01 8.467999999999999972e-01
1.669241434262483115e-01 5.061701655499668551e-01 9.379999999999999449e-01 8.457999999999999963e-01
1.935187076485222757e-01 5.328978003314861489e-01 9.287999999999999590e-01 8.444000000000000394e-01
1.646514305155533930e-01 5.242940621458278549e-01 9.367999999999999661e-01 8.399999999999999689e-01
1.863496375111617087e-01 5.070365203050226643e-01 9.336999999999999744e-01 8.434000000000000385e-01
1.870073731082625701e-01 5.348078691408649776e-01 9.325999999999999845e-01 8.352000000000000535e-01
1.917367902673399460e-01 5.186157809621038117e-01 9.304000000000000048e-01 8.394000000000000350e-01
1.725441848847099335e-01 5.303852834393316673e-01 9.342000000000000304e-01 8.367999999999999883e-01
1.946602685797293453e-01 5.164126166824041242e-01 9.268999999999999462e-01 8.417999999999999927e-01
1.895480073851767422e-01 5.361013985896372347e-01 9.277999999999999581e-01 8.367999999999999883e-01
2.163596272637524076e-01 5.659580064832765434e-01 9.179000000000000492e-01 8.339999999999999636e-01
1.704772401753312239e-01 5.066919648691949885e-01 9.363000000000000211e-01 8.434000000000000385e-01
2.008697678092336292e-01 5.498957677224880491e-01 9.263000000000000123e-01 8.312000000000000499e-01
1.724792724449550618e-01 5.174512918596921862e-01 9.345999999999999863e-01 8.399999999999999689e-01
2.467289983548348054e-01 5.890425396750131881e-01 9.043999999999999817e-01 8.195999999999999952e-01
1.966565323677293142e-01 5.462994487179203551e-01 9.221000000000000307e-01 8.342000000000000526e-01
1.879928862816124535e-01 5.442031049414030042e-01 9.280000000000000471e-01 8.306000000000000050e-01
1.830013727796406253e-01 4.952695422830840632e-01 9.311000000000000387e-01 8.439999999999999725e-01
1.657131455215467286e-01 4.867113816592242292e-01 9.393000000000000238e-01 8.489999999999999769e-01
1.525036781434878919e-01 5.158181706020467105e-01 9.424000000000000155e-01 8.437999999999999945e-01
1.662847975523288335e-01 5.125196925861171815e-01 9.405999999999999917e-01 8.394000000000000350e-01
2.760618170766072077e-01 6.511764914402147220e-01 8.948000000000000398e-01 8.060000000000000497e-01
2.363729360199219587e-01 5.650993576086938974e-01 9.133000000000000007e-01 8.369999999999999662e-01
2.380367333858984802e-01 5.806067580426601538e-01 9.125999999999999668e-01 8.336000000000000076e-01
1.917222419065889583e-01 5.276421042972355702e-01 9.300000000000000488e-01 8.381999999999999451e-01
1.720993083344078967e-01 4.992937479246841725e-01 9.437999999999999723e-01 8.401999999999999469e-01
1.675982036204070325e-01 4.879021136463481678e-01 9.424000000000000155e-01 8.416000000000000147e-01
1.587700516707523657e-01 5.026513135675336752e-01 9.435000000000000053e-01 8.469999999999999751e-01
2.309835471212659808e-01 5.703485483120315225e-01 9.126999999999999558e-01 8.279999999999999583e-01
2.007163461421523076e-01 5.806626160312214902e-01 9.250000000000000444e-01 8.307999999999999829e-01
2.333689063172450506e-01 5.737220119960644293e-01 9.110000000000000320e-01 8.239999999999999547e-01
2.283883582824124125e-01 5.440107924513732929e-01 9.110000000000000320e-01 8.292000000000000481e-01
2.337196047100107144e-01 6.022623217078612035e-01 9.132000000000000117e-01 8.314000000000000279e-01
1.795230635313535827e-01 5.479477969579027441e-01 9.346999999999999753e-01 8.456000000000000183e-01
1.681857476999087664e-01 5.370095767987904667e-01 9.370000000000000551e-01 8.376000000000000112e-01
1.901397473673722416e-01 5.529983375402063306e-01 9.258999999999999453e-01 8.372000000000000552e-01
2.121605722525651272e-01 5.637001180301273173e-01 9.229000000000000536e-01 8.376000000000000112e-01
2.255331880892939012e-01 5.654414610897985360e-01 9.121000000000000218e-01 8.284000000000000252e-01
1.774465488527871282e-01 5.159089296948706771e-01 9.350000000000000533e-01 8.389999999999999680e-01
1.868577027728639539e-01 5.302987169483687202e-01 9.335999999999999854e-01 8.317999999999999838e-01
1.570374835670095004e-01 4.942934356783520444e-01 9.428999999999999604e-01 8.476000000000000201e-01
2.187474158384297984e-01 5.341840405365652078e-01 9.153999999999999915e-01 8.276000000000000023e-01
1.768464755281813072e-01 5.413277074745734829e-01 9.360000000000000542e-01 8.397999999999999909e-01
2.258286247881355069e-01 6.166183176561392809e-01 9.140000000000000346e-01 8.306000000000000050e-01
1.814449548105369903e-01 5.483318564838868259e-01 9.362000000000000322e-01 8.389999999999999680e-01
2.119058569712558016e-01 5.680982205694270482e-01 9.203999999999999959e-01 8.302000000000000490e-01
2.016065302312770591e-01 5.371969117601235189e-01 9.234999999999999876e-01 8.322000000000000508e-01
1.717281111576419439e-01 5.313369691760070346e-01 9.338999999999999524e-01 8.397999999999999909e-01
1.713626797180580197e-01 5.182962075127154344e-01 9.382000000000000339e-01 8.441999999999999504e-01
2.130142649163999646e-01 5.801124509989309397e-01 9.216999999999999638e-01 8.272000000000000464e-01
1.767640726215362057e-01 5.128491738052540772e-01 9.393000000000000238e-01 8.377999999999999892e-01
1.717494461977983333e-01 5.427297450645999222e-01 9.358999999999999542e-01 8.384000000000000341e-01
1.846639344847949282e-01 5.267796907909289006e-01 9.324000000000000066e-01 8.312000000000000499e-01
2.081457614789106736e-01 5.703659032655290506e-01 9.204999999999999849e-01 8.289999999999999591e-01
1.637787634660809177e-01 5.179018989325486766e-01 9.415000000000000036e-01 8.387999999999999901e-01
1.907554984776128337e-01 5.616423791311435654e-01 9.293000000000000149e-01 8.427999999999999936e-01
1.564654776250281321e-01 5.091646541991990960e-01 9.421000000000000485e-01 8.431999999999999496e-01
2.184831260774759421e-01 6.323398933739136085e-01 9.196999999999999620e-01 8.296000000000000041e-01
1.699101102099576655e-01 5.084416095283268433e-01 9.354000000000000092e-01 8.508000000000000007e-01
1.754169389815991298e-01 5.456112134630515254e-01 9.338999999999999524e-01 8.386000000000000121e-01
1.814239056791921156e-01 5.528195094531878073e-01 9.298999999999999488e-01 8.366000000000000103e-01
2.273451003055776687e-01 5.808625129606562743e-01 9.132000000000000117e-01 8.344000000000000306e-01
2.201553486340525612e-01 6.275092272059131782e-01 9.220000000000000417e-01 8.304000000000000270e-01
1.716865638572361019e-01 5.403806531326555973e-01 9.374000000000000110e-01 8.456000000000000183e-01
1.763555870326390662e-01 5.342120284985981682e-01 9.344999999999999973e-01 8.426000000000000156e-01
1.499718971431097669e-01 5.057688940461498861e-01 9.461000000000000520e-01 8.457999999999999963e-01
2.176814937379721315e-01 5.739212462650290503e-01 9.166999999999999593e-01 8.262000000000000455e-01
2.337235241107512573e-01 6.141411346830649709e-01 9.043999999999999817e-01 8.269999999999999574e-01
1.945519190979308477e-01 5.676453924954750763e-01 9.272000000000000242e-01 8.431999999999999496e-01
1.833268665863603819e-01 5.331596159757424624e-01 9.304000000000000048e-01 8.366000000000000103e-01
1.691890173576458822e-01 4.884113225384850154e-01 9.395999999999999908e-01 8.451999999999999513e-01
1.631272849509725620e-01 5.248593925053268716e-01 9.375000000000000000e-01 8.387999999999999901e-01
1.714135842358331385e-01 5.482068730788800526e-01 9.354000000000000092e-01 8.319999999999999618e-01
1.509693034820237256e-01 5.410378246943244873e-01 9.437999999999999723e-01 8.456000000000000183e-01
1.827957542694213788e-01 5.467241179730358835e-01 9.311000000000000387e-01 8.336000000000000076e-01
1.614435476055784413e-01 5.385270137565622006e-01 9.419999999999999485e-01 8.389999999999999680e-01
1.719198676280132565e-01 5.474703924344602735e-01 9.356999999999999762e-01 8.389999999999999680e-01
2.165860130344841872e-01 5.890569363554372107e-01 9.182000000000000162e-01 8.289999999999999591e-01
3.179969517268113610e-01 6.814659819945568797e-01 8.666000000000000369e-01 7.920000000000000373e-01
2.367009282607194232e-01 5.664468236293911385e-01 9.034999999999999698e-01 8.247999999999999776e-01
1.820849026617750999e-01 5.569889222980868304e-01 9.302000000000000268e-01 8.354000000000000314e-01
1.616044920013687825e-01 5.588197915242297809e-01 9.407999999999999696e-01 8.441999999999999504e-01
1.581518561428452707e-01 5.008822663788062846e-01 9.429999999999999494e-01 8.416000000000000147e-01
1.792871683332135091e-01 5.294927622756234742e-01 9.321000000000000396e-01 8.391999999999999460e-01
2.195199308817091521e-01 5.849451854333774792e-01 9.190000000000000391e-01 8.411999999999999478e-01
2.421533179217830734e-01 5.918110979541053585e-01 9.072999999999999954e-01 8.227999999999999758e-01
1.813134606074537636e-01 5.142573335279710944e-01 9.323000000000000176e-01 8.347999999999999865e-01
1.723849087304563377e-01 5.258321825347158640e-01 9.375000000000000000e-01 8.347999999999999865e-01
1.676972064054833844e-01 5.113966240892297010e-01 9.415999999999999925e-01 8.366000000000000103e-01
2.241616739579199991e-01 6.284840100154337472e-01 9.143000000000000016e-01 8.339999999999999636e-01
1.724733769627290192e-01 5.342388115431542239e-01 9.356999999999999762e-01 8.347999999999999865e-01
1.832595293768890243e-01 5.826300557344625819e-01 9.307999999999999607e-01 8.389999999999999680e-01
1.623993302116566728e-01 5.156801525787789720e-01 9.422000000000000375e-01 8.456000000000000183e-01
1.964336887942360055e-01 5.781471162966453914e-01 9.274000000000000021e-01 8.317999999999999838e-01
1.737308015935397076e-01 5.138688096338284161e-01 9.377999999999999670e-01 8.372000000000000552e-01
2.086558728827498654e-01 5.563562187815070947e-01 9.214999999999999858e-01 8.317999999999999838e-01
1.619796001923590190e-01 5.114494547187369289e-01 9.448999999999999622e-01 8.459999999999999742e-01
2.068927150582931529e-01 6.028470300248974789e-01 9.233000000000000096e-01 8.389999999999999680e-01
1.714214726059599680e-01 5.354526705004719611e-01 9.368999999999999551e-01 8.444000000000000394e-01
1.797881598350987709e-01 5.270086382419381099e-01 9.334000000000000075e-01 8.309999999999999609e-01
1.677329859712297921e-01 5.566711575061320527e-01 9.370000000000000551e-01 8.387999999999999901e-01
1.902614582032283452e-01 5.613986344585593091e-01 9.285999999999999810e-01 8.349999999999999645e-01
1.492939942276163001e-01 5.431074086460707662e-01 9.449999999999999512e-01 8.429999999999999716e-01
1.422787440410568094e-01 5.331103796741147871e-01 9.485000000000000098e-01 8.484000000000000430e-01
1.665657578962184693e-01 5.285126844776647514e-01 9.373000000000000220e-01 8.416000000000000147e-01
2.073710624205819253e-01 5.856567265086225493e-01 9.227999999999999536e-01 8.376000000000000112e-01
2.397884064689924932e-01 6.220449752416241651e-01 9.112999999999999989e-01 8.319999999999999618e-01
1.543518136943885233e-01 5.019975394883602338e-01 9.465999999999999970e-01 8.457999999999999963e-01
1.371367922387609628e-01 5.119814115901097917e-01 9.553000000000000380e-01 8.449999999999999734e-01
1.485900268601174079e-01 5.262493813589892433e-01 9.459999999999999520e-01 8.411999999999999478e-01
1.349969432002457448e-01 5.198547898987051497e-01 9.536000000000000032e-01 8.426000000000000156e-01
1.584778898696531102e-01 5.062807633135434360e-01 9.425999999999999934e-01 8.424000000000000377e-01
1.597259288937445953e-01 5.456243826783866435e-01 9.425000000000000044e-01 8.406000000000000139e-01
2.700074517900652449e-01 6.699342814430543358e-01 8.972999999999999865e-01 8.152000000000000357e-01
2.151387593938546283e-01 5.820620710633136463e-01 9.202000000000000179e-01 8.397999999999999909e-01
1.634926563759362128e-01 5.252920587227674076e-01 9.416999999999999815e-01 8.384000000000000341e-01
1.485934305279979772e-01 5.173734320034630851e-01 9.494000000000000217e-01 8.439999999999999725e-01
2.198966245268006714e-01 5.801125257049305484e-01 9.189000000000000501e-01 8.362000000000000544e-01
1.560874441681004421e-01 5.402468012103887052e-01 9.424000000000000155e-01 8.377999999999999892e-01
1.711787343778605752e-01 5.238874710186868233e-01 9.379999999999999449e-01 8.407999999999999918e-01
1.692750857043009149e-01 5.330283602250568409e-01 9.385000000000000009e-01 8.424000000000000377e-01
1.506719157096560457e-01 5.178790523131909795e-01 9.439999999999999503e-01 8.416000000000000147e-01
1.710812735354322323e-01 5.595252133016505036e-01 9.346999999999999753e-01 8.381999999999999451e-01
1.634966972538024754e-01 5.326494650142038489e-01 9.425999999999999934e-01 8.424000000000000377e-01
1.863255149212977302e-01 5.937905126215371476e-01 9.321000000000000396e-01 8.336000000000000076e-01
1.677594526648640283e-01 4.944430835492619747e-01 9.405000000000000027e-01 8.362000000000000544e-01
1.750688960676891615e-01 5.471215049911004602e-01 9.342000000000000304e-01 8.401999999999999469e-01
1.576941127547745736e-01 5.271494137153535098e-01 9.415999999999999925e-01 8.436000000000000165e-01
1.404531244829649583e-01 5.267358016069887405e-01 9.506999999999999895e-01 8.477999999999999980e-01
1.945004574593942048e-01 5.264911379493589783e-01 9.284000000000000030e-01 8.317999999999999838e-01
1.842300825206559800e-01 5.716072441377576530e-01 9.298999999999999488e-01 8.389999999999999680e-01
1.282152391119545098e-01 4.996777548315982087e-01 9.586999999999999966e-01 8.446000000000000174e-01
1.584374138396789089e-01 5.174498070170541197e-01 9.448999999999999622e-01 8.456000000000000183e-01
1.850700977736278730e-01 5.855730786864180581e-01 9.304000000000000048e-01 8.386000000000000121e-01
1.873152533035325473e-01 5.669828808590462454e-01 9.304000000000000048e-01 8.347999999999999865e-01
2.085318538647255582e-01 5.901383056153722828e-01 9.193999999999999950e-01 8.224000000000000199e-01
1.588664101945234941e-01 5.393371532297561721e-01 9.395000000000000018e-01 8.417999999999999927e-01
1.634057409265760319e-01 5.605237134743695782e-01 9.417999999999999705e-01 8.322000000000000508e-01
2.310234947824917895e-01 5.941836291633287859e-01 9.113999999999999879e-01 8.357999999999999874e-01
1.711111654827785489e-01 5.359080693651625538e-01 9.355999999999999872e-01 8.421999999999999487e-01
1.898370945347110650e-01 5.572477028481951367e-01 9.334999999999999964e-01 8.346000000000000085e-01
1.687097637926217863e-01 5.240759812965835041e-01 9.413000000000000256e-01 8.449999999999999734e-01
1.663942092327524436e-01 5.282003655604041725e-01 9.398999999999999577e-01 8.429999999999999716e-01
2.200682522448613454e-01 6.175059511821174851e-01 9.233000000000000096e-01 8.304000000000000270e-01
1.596835046342583719e-01 5.350640133807587073e-01 9.415000000000000036e-01 8.427999999999999936e-01
1.768926189365001844e-01 5.805920699033093602e-01 9.352000000000000313e-01 8.287999999999999812e-01
1.822900199334336335e-01 5.499536522204165889e-01 9.303000000000000158e-01 8.324000000000000288e-01
1.832793894263956280e-01 5.875842545465321809e-01 9.314999999999999947e-01 8.389999999999999680e-01
2.458777826193340732e-01 6.363316401384395693e-01 8.998000000000000442e-01 8.110000000000000542e-01
2.264729387782074277e-01 5.637245144033394828e-01 9.112000000000000099e-01 8.237999999999999767e-01
1.606043737931791282e-01 5.219754347733017719e-01 9.437999999999999723e-01 8.387999999999999901e-01
1.744996704266111032e-01 5.489658411083231382e-01 9.334000000000000075e-01 8.409999999999999698e-01
1.975137937197625482e-01 5.653494476407998626e-01 9.252000000000000224e-01 8.374000000000000332e-01
1.686145551042866897e-01 5.603711409971999791e-01 9.386999999999999789e-01 8.409999999999999698e-01
3.021080971833094986e-01 6.720052493714530062e-01 8.829000000000000181e-01 8.034000000000000030e-01
1.837091119758514912e-01 5.813742551795042512e-01 9.340000000000000524e-01 8.396000000000000130e-01
1.697870846547405166e-01 5.558022039425846161e-01 9.375000000000000000e-01 8.464000000000000412e-01
1.909196020710801911e-01 5.541815157601249764e-01 9.286999999999999700e-01 8.352000000000000535e-01
1.840897102076387570e-01 5.533318326543196219e-01 9.249000000000000554e-01 8.234000000000000208e-01
1.454038312001273980e-01 5.136253793131417833e-01 9.472000000000000419e-01 8.476000000000000201e-01
1.693607744966342810e-01 5.707296359850639877e-01 9.367999999999999661e-01 8.384000000000000341e-01
2.924771223503030426e-01 6.748877640103386755e-01 8.812999999999999723e-01 8.082000000000000295e-01
1.881271860107533167e-01 5.381039947602579421e-01 9.257999999999999563e-01 8.357999999999999874e-01
1.700659421628275825e-01 5.284808089194419356e-01 9.375999999999999890e-01 8.487999999999999989e-01
1.977156727152246662e-01 5.652189485496453836e-01 9.282000000000000250e-01 8.426000000000000156e-01
1.491703641937549840e-01 5.225106390626413910e-01 9.492000000000000437e-01 8.426000000000000156e-01
1.672960105809980225e-01 5.275922873878878816e-01 9.375999999999999890e-01 8.339999999999999636e-01
1.727919073815402384e-01 5.310334876638360679e-01 9.344000000000000083e-01 8.309999999999999609e-01
1.494610177805138496e-01 5.268519373981273013e-01 9.436999999999999833e-01 8.407999999999999918e-01
2.026224781915142992e-01 5.712110826270191399e-01 9.199000000000000510e-01 8.272000000000000464e-01
1.641069246802747961e-01 5.342438011437520284e-01 9.392000000000000348e-01 8.414000000000000368e-01
2.492109332156467738e-01 6.253335517195428572e-01 9.069000000000000394e-01 8.184000000000000163e-01
1.956863807946560840e-01 5.774450877446555275e-01 9.254000000000000004e-01 8.349999999999999645e-01
1.648006578767561292e-01 5.504264684322843770e-01 9.375999999999999890e-01 8.336000000000000076e-01
2.475207123179826441e-01 6.145872738085634834e-01 9.084999999999999742e-01 8.222000000000000419e-01
2.440684763301562699e-01 6.352359638423252797e-01 9.102000000000000091e-01 8.317999999999999838e-01
1.611608707651281669e-01 5.135833178134793231e-01 9.409999999999999476e-01 8.446000000000000174e-01
1.948581051627290839e-01 5.542288368557092282e-01 9.277999999999999581e-01 8.244000000000000217e-01
1.441578873685294970e-01 5.498214726973312816e-01 9.489999999999999547e-01 8.419999999999999707e-01
1.416384870066864921e-01 5.100429861338819926e-01 9.491000000000000547e-01 8.467999999999999972e-01
1.698958969517690432e-01 5.313485405411223494e-01 9.386999999999999789e-01 8.381999999999999451e-01
1.421237657041779234e-01 5.177014144053100342e-01 9.500999999999999446e-01 8.437999999999999945e-01
1.714050733642066560e-01 5.475011389602981726e-01 9.367999999999999661e-01 8.309999999999999609e-01
2.626650856048565186e-01 6.584617599632368590e-01 8.967000000000000526e-01 8.135999999999999899e-01
1.716610788338877036e-01 5.147359795392177917e-01 9.405999999999999917e-01 8.346000000000000085e-01
2.295197959535355825e-01 6.149922865891427337e-01 9.105999999999999650e-01 8.192000000000000393e-01
1.643346726445928108e-01 5.232376634420549122e-01 9.385000000000000009e-01 8.376000000000000112e-01
2.203021104852397050e-01 5.549582100778150950e-01 9.123999999999999888e-01 8.142000000000000348e-01
1.966451094710435776e-01 5.736872359067528571e-01 9.258999999999999453e-01 8.287999999999999812e-01
1.431663833888946191e-01 5.403599909041939542e-01 9.451000000000000512e-01 8.436000000000000165e-01
1.860420442540812458e-01 5.890742632342640395e-01 9.284999999999999920e-01 8.377999999999999892e-01
1.618914304382833291e-01 5.260111004790491984e-01 9.407999999999999696e-01 8.359999999999999654e-01
1.941183298401698842e-01 5.688465525879404794e-01 9.235999999999999766e-01 8.322000000000000508e-01
1.414153602549426125e-01 5.174056346834883247e-01 9.484000000000000208e-01 8.519999999999999796e-01
1.535201650271659779e-01 5.369997395130221562e-01 9.457999999999999741e-01 8.487999999999999989e-01
1.476137902555293702e-01 5.063380060562530094e-01 9.455000000000000071e-01 8.424000000000000377e-01
1.508528286834453780e-01 5.572029213676692461e-01 9.454000000000000181e-01 8.411999999999999478e-01
1.980717607305194083e-01 5.684151145218391266e-01 9.287999999999999590e-01 8.391999999999999460e-01
1.716510911054136557e-01 5.334026281282027160e-01 9.362000000000000322e-01 8.409999999999999698e-01
1.391783215295252507e-01 5.337676047851752648e-01 9.502000000000000446e-01 8.526000000000000245e-01
1.369371342397310842e-01 5.081446342878737088e-01 9.536000000000000032e-01 8.479999999999999760e-01
1.677341698088783695e-01 5.695717448318975418e-01 9.355999999999999872e-01 8.411999999999999478e-01
1.432320439993373384e-01 5.298393491200548144e-01 9.494000000000000217e-01 8.431999999999999496e-01
1.897427256388926897e-01 5.985894884167515251e-01 9.317999999999999616e-01 8.362000000000000544e-01
1.396033474530089524e-01 4.928418863175537123e-01 9.497999999999999776e-01 8.457999999999999963e-01
1.577691554597275558e-01 5.295893703047671597e-01 9.425999999999999934e-01 8.401999999999999469e-01
1.565155064848059718e-01 5.300665841662582922e-01 9.424000000000000155e-01 8.434000000000000385e-01
1.474645637687740929e-01 5.131608628166802744e-01 9.512000000000000455e-01 8.471999999999999531e-01
1.502266177477105946e-01 5.097903467946015565e-01 9.461000000000000520e-01 8.454000000000000403e-01
1.664424266440172329e-01 5.258785278072477531e-01 9.385000000000000009e-01 8.451999999999999513e-01
1.503523952278053577e-01 5.154418105793050486e-01 9.475000000000000089e-01 8.441999999999999504e-01
2.431944987844307515e-01 6.499777148560716977e-01 9.090000000000000302e-01 8.262000000000000455e-01
1.636312813673622968e-01 5.342418349117532550e-01 9.405000000000000027e-01 8.399999999999999689e-01
2.058574805153297882e-01 5.814020633412375627e-01 9.201000000000000290e-01 8.235999999999999988e-01
1.337384689535232596e-01 5.098585799415794595e-01 9.532000000000000473e-01 8.524000000000000465e-01
2.361950822082828361e-01 6.260292997652812108e-01 9.055999999999999606e-01 8.172000000000000375e-01
1.680640285259386579e-01 5.293372151221771293e-01 9.398999999999999577e-01 8.411999999999999478e-01
1.657042132367938236e-01 5.355179293729335210e-01 9.401000000000000467e-01 8.437999999999999945e-01
1.627843965002393478e-01 5.520601803707363420e-01 9.381000000000000449e-01 8.486000000000000210e-01
2.351203375862503109e-01 6.346740946140755346e-01 9.254999999999999893e-01 8.334000000000000297e-01
1.784496619246054572e-01 5.394897857940370578e-01 9.362000000000000322e-01 8.401999999999999469e-01
1.611340726511253929e-01 5.415662811950407995e-01 9.386999999999999789e-01 8.407999999999999918e-01
1.606809284769232238e-01 5.352566826855079674e-01 9.404000000000000137e-01 8.414000000000000368e-01
2.042527435105059852e-01 5.968982556837054698e-01 9.241000000000000325e-01 8.334000000000000297e-01
2.124225325563049993e-01 6.024856225811096033e-01 9.220000000000000417e-01 8.239999999999999547e-01
1.824823788971806082e-01 5.650295530240452280e-01 9.310000000000000497e-01 8.354000000000000314e-01
2.764524164023705599e-01 6.063010870223219939e-01 8.889000000000000234e-01 8.054000000000000048e-01
1.713097986787637250e-01 5.490052835547916121e-01 9.360000000000000542e-01 8.381999999999999451e-01
1.670778369348504822e-01 5.351021708235732532e-01 9.404000000000000137e-01 8.397999999999999909e-01
1.613709235642630524e-01 5.586670831983304719e-01 9.389999999999999458e-01 8.429999999999999716e-01
1.559278470248051107e-01 5.089743695558353043e-01 9.466999999999999860e-01 8.467999999999999972e-01
1.641513981533706534e-01 5.275307104648256917e-01 9.411000000000000476e-01 8.459999999999999742e-01
1.585198921997428845e-01 5.649207953391850445e-01 9.422000000000000375e-01 8.421999999999999487e-01
1.434356381805377278e-01 5.114253534511657984e-01 9.498999999999999666e-01 8.449999999999999734e-01
1.562683300850774282e-01 5.405022459174795291e-01 9.442000000000000393e-01 8.384000000000000341e-01
1.842945629285790976e-01 5.784903087021424639e-01 9.318999999999999506e-01 8.334000000000000297e-01
1.573613574902364975e-01 5.666771038353581869e-01 9.422000000000000375e-01 8.379999999999999671e-01
1.611982154012002733e-01 5.280656070722130613e-01 9.405999999999999917e-01 8.474000000000000421e-01
1.803212820107412406e-01 5.251953501923745105e-01 9.313000000000000167e-01 8.347999999999999865e-01
2.083942062973567766e-01 5.938443558300871006e-01 9.215999999999999748e-01 8.217999999999999750e-01
2.147729190227128659e-01 6.081708471920626025e-01 9.190000000000000391e-01 8.294000000000000261e-01
2.741526781460100204e-01 6.933024050684779560e-01 9.009000000000000341e-01 8.195999999999999952e-01
1.469085213319991368e-01 5.325500216714863511e-01 9.481000000000000538e-01 8.477999999999999980e-01
2.459286394184170277e-01 6.514516119314066600e-01 9.157999999999999474e-01 8.342000000000000526e-01
1.646025023469442072e-01 5.460224354553181447e-01 9.408999999999999586e-01 8.416000000000000147e-01
1.222372639173869152e-01 5.259843361302786180e-01 9.572000000000000508e-01 8.474000000000000421e-01
1.474960839108355459e-01 5.299383556027235098e-01 9.473000000000000309e-01 8.461999999999999522e-01
1.768054502144011664e-01 5.751380251056787962e-01 9.324999999999999956e-01 8.399999999999999689e-01
1.186045249822455655e-01 5.276048595272427866e-01 9.584000000000000297e-01 8.489999999999999769e-01
1.714502180219679706e-01 5.639323682626161682e-01 9.362000000000000322e-01 8.387999999999999901e-01
1.664669444613800786e-01 5.430636430930735337e-01 9.393000000000000238e-01 8.391999999999999460e-01
1.556146969997130869e-01 5.635002934990912538e-01 9.425999999999999934e-01 8.466000000000000192e-01
1.634458769349070861e-01 5.458396178752605854e-01 9.371000000000000441e-01 8.397999999999999909e-01
1.478811563810656926e-01 4.994148779168715024e-01 9.481000000000000538e-01 8.456000000000000183e-01
1.431280496942998193e-01 5.407910984521137054e-01 9.485000000000000098e-01 8.481999999999999540e-01
1.915733966897474605e-01 6.016281280721388347e-01 9.287999999999999590e-01 8.326000000000000068e-01
1.400288593264098491e-01 4.962034671187610102e-01 9.528999999999999693e-01 8.476000000000000201e-01
1.633270210985323101e-01 5.496223364470717021e-01 9.391000000000000458e-01 8.344000000000000306e-01
1.729147080636012634e-01 5.930763486255589134e-01 9.354000000000000092e-01 8.386000000000000121e-01
1.903956778798377436e-01 5.250157730141374879e-01 9.314999999999999947e-01 8.319999999999999618e-01
1.666022195452497856e-01 5.582922335199156372e-01 9.370000000000000551e-01 8.404000000000000359e-01
2.361280545969035305e-01 6.102592773372264023e-01 9.111000000000000210e-01 8.165999999999999925e-01
1.480125359748609426e-01 5.268538943506663186e-01 9.472000000000000419e-01 8.416000000000000147e-01
1.949778259332635155e-01 5.677484327371812300e-01 9.315999999999999837e-01 8.374000000000000332e-01
1.976790978646200958e-01 5.901045186322106950e-01 9.250000000000000444e-01 8.322000000000000508e-01
1.639490509593376499e-01 5.414206449574243685e-01 9.383000000000000229e-01 8.449999999999999734e-01
1.537372676024977847e-01 5.475366820511139432e-01 9.424000000000000155e-01 8.457999999999999963e-01
1.548477850084333529e-01 5.305550686877134048e-01 9.413000000000000256e-01 8.374000000000000332e-01
1.659892165206864334e-01 5.470431614827302447e-01 9.375999999999999890e-01 8.299999999999999600e-01
1.746844325420810196e-01 5.447484350419222743e-01 9.340000000000000524e-01 8.337999999999999856e-01
1.650960867003973820e-01 5.487618381026133640e-01 9.371000000000000441e-01 8.457999999999999963e-01
1.507736825451373441e-01 5.119198909636178962e-01 9.467999999999999750e-01 8.437999999999999945e-01
1.621055660325503578e-01 5.376204405309428225e-01 9.414000000000000146e-01 8.419999999999999707e-01
1.490340971467883358e-01 5.228904022728187995e-01 9.453000000000000291e-01 8.424000000000000377e-01
1.727503728615509271e-01 5.593141130020152785e-01 9.347999999999999643e-01 8.429999999999999716e-01
1.416157011677787736e-01 5.146765094100849147e-01 9.495999999999999996e-01 8.466000000000000192e-01
1.689556991104892159e-01 5.742677695197695442e-01 9.375000000000000000e-01 8.417999999999999927e-01
1.333828792117008610e-01 5.329981909466477985e-01 9.572000000000000508e-01 8.474000000000000421e-01
1.603412931128621599e-01 5.488980081731933414e-01 9.442000000000000393e-01 8.396000000000000130e-01
2.164099041892550424e-01 6.134610347592630575e-01 9.172000000000000153e-01 8.254000000000000226e-01
1.673946193425844275e-01 5.653431613669239741e-01 9.414000000000000146e-01 8.399999999999999689e-01
1.771951856067813524e-01 5.676919644772886464e-01 9.333000000000000185e-01 8.396000000000000130e-01
1.241780458626677297e-01 4.971478305914734941e-01 9.567999999999999838e-01 8.544000000000000483e-01
1.460797492079335957e-01 5.097876860022436674e-01 9.514000000000000234e-01 8.369999999999999662e-01
1.481858671277219430e-01 5.319921091565136262e-01 9.465000000000000080e-01 8.394000000000000350e-01
2.976685420342025101e-01 6.931271442780327918e-01 8.914999999999999591e-01 8.107999999999999652e-01
1.536961518091865264e-01 5.281089216209002846e-01 9.445999999999999952e-01 8.414000000000000368e-01
1.438305143209488990e-01 5.208907461867448019e-01 9.478999999999999648e-01 8.456000000000000183e-01
1.568616334955107439e-01 5.759636447535209092e-01 9.461000000000000520e-01 8.367999999999999883e-01
1.601003145189131560e-01 5.383929469829067394e-01 9.432000000000000384e-01 8.387999999999999901e-01
1.639824235295493648e-01 5.751161354592833064e-01 9.379999999999999449e-01 8.431999999999999496e-01
1.523518083100343645e-01 5.200713534765418755e-01 9.459999999999999520e-01 8.387999999999999901e-01
1.782640438980758191e-01 5.643246158382485556e-01 9.336999999999999744e-01 8.369999999999999662e-01
1.216705790275383336e-01 5.389708753183488632e-01 9.583000000000000407e-01 8.474000000000000421e-01
1.455208150921124821e-01 5.405529728670421807e-01 9.478999999999999648e-01 8.416000000000000147e-01
1.627471029613025977e-01 5.449259129848678107e-01 9.414000000000000146e-01 8.304000000000000270e-01
2.584551400125233989e-01 6.606360505025828944e-01 9.042000000000000037e-01 8.172000000000000375e-01
1.435753293049334967e-01 5.289153056197987146e-01 9.495999999999999996e-01 8.379999999999999671e-01
1.366938131236432874e-01 5.428596693325704603e-01 9.497999999999999776e-01 8.486000000000000210e-01
1.848421554880383399e-01 5.982076292361880876e-01 9.304999999999999938e-01 8.354000000000000314e-01
1.695542357134153522e-01 5.642404029944988464e-01 9.389999999999999458e-01 8.434000000000000385e-01
1.399081096956941717e-01 5.248946214703255064e-01 9.510999999999999455e-01 8.429999999999999716e-01
1.425111507443464209e-01 5.420878347532638308e-01 9.479999999999999538e-01 8.444000000000000394e-01
1.940130264948564109e-01 6.066301333091447257e-01 9.249000000000000554e-01 8.204000000000000181e-01
