1.948762085321271931e+00 1.951936936287688162e+00 4.096000000000000196e-01 3.993999999999999773e-01
7.763856825486810109e-01 7.998189498877738002e-01 7.190999999999999615e-01 7.072000000000000508e-01
6.307329783883529606e-01 6.705648132899904024e-01 7.641000000000000014e-01 7.566000000000000503e-01
5.969119733764477465e-01 6.510693165740714106e-01 7.779000000000000359e-01 7.606000000000000538e-01
4.965285972413983617e-01 5.564053282927517996e-01 8.225999999999999979e-01 8.022000000000000242e-01
5.125220867198597707e-01 5.699396565649754720e-01 8.181000000000000494e-01 7.890000000000000346e-01
4.699315783578943417e-01 5.498418877583081121e-01 8.336000000000000076e-01 8.064000000000000057e-01
4.319657756809436311e-01 5.065432614454989935e-01 8.426000000000000156e-01 8.145999999999999908e-01
4.352998467611963740e-01 5.257771228025537313e-01 8.417000000000000037e-01 8.087999999999999634e-01
5.196963182157432470e-01 6.219207090081745326e-01 7.994999999999999885e-01 7.675999999999999490e-01
3.924601777048230544e-01 4.822314265473896522e-01 8.618000000000000105e-01 8.227999999999999758e-01
3.872924844261337318e-01 4.906876377221546237e-01 8.640999999999999792e-01 8.256000000000000005e-01
3.634710870823540940e-01 4.805787545908197789e-01 8.648000000000000131e-01 8.296000000000000041e-01
3.621273801023298655e-01 4.722989728140043475e-01 8.697000000000000286e-01 8.296000000000000041e-01
3.526525414627564858e-01 4.823515791683122833e-01 8.740999999999999881e-01 8.312000000000000499e-01
3.581898694732392752e-01 4.824108058508049246e-01 8.700999999999999845e-01 8.279999999999999583e-01
3.350875378231187307e-01 4.621708395377095990e-01 8.807000000000000384e-01 8.369999999999999662e-01
3.531991814690990661e-01 4.993708176626249773e-01 8.696000000000000396e-01 8.284000000000000252e-01
4.307161096004846756e-01 5.809918765662487328e-01 8.473000000000000531e-01 8.030000000000000471e-01
3.216338835040353783e-01 4.601474552481815139e-01 8.842999999999999750e-01 8.411999999999999478e-01
2.958051347865374159e-01 4.408392943972883615e-01 8.931000000000000050e-01 8.447999999999999954e-01
3.476307213777817262e-01 5.042452708409668194e-01 8.739000000000000101e-01 8.296000000000000041e-01
3.117407103721163142e-01 4.686721133601395306e-01 8.881000000000000005e-01 8.339999999999999636e-01
3.046439368265084213e-01 4.534990561550148458e-01 8.902999999999999803e-01 8.426000000000000156e-01
3.479878452111175857e-01 5.179236911034703628e-01 8.675000000000000488e-01 8.174000000000000155e-01
3.051634437425984059e-01 4.620782704019383291e-01 8.851999999999999869e-01 8.379999999999999671e-01
3.051788978041101719e-01 4.794730068718175975e-01 8.834999999999999520e-01 8.327999999999999847e-01
2.799723783530503329e-01 4.576578176621000082e-01 8.978000000000000425e-01 8.434000000000000385e-01
3.012779746531715208e-01 4.816775474882164509e-01 8.911999999999999922e-01 8.347999999999999865e-01
3.265609525568575200e-01 5.031324400696935983e-01 8.699999999999999956e-01 8.242000000000000437e-01
2.920593417887904497e-01 4.639760584112531672e-01 8.933999999999999719e-01 8.414000000000000368e-01
3.182002600055637287e-01 5.017049724732716154e-01 8.778000000000000247e-01 8.222000000000000419e-01
3.427115426958660671e-01 5.126547100159488668e-01 8.638000000000000123e-01 8.177999999999999714e-01
3.084015741330188298e-01 5.057745000352796838e-01 8.866000000000000547e-01 8.287999999999999812e-01
3.021085478933653867e-01 4.928341297887585126e-01 8.879000000000000226e-01 8.312000000000000499e-01
2.701977431478675973e-01 4.565832433254056189e-01 9.029000000000000359e-01 8.397999999999999909e-01
2.910353242328688750e-01 4.860133763516119032e-01 8.905999999999999472e-01 8.357999999999999874e-01
2.655347535085237909e-01 4.589024077380784439e-01 9.052999999999999936e-01 8.461999999999999522e-01
3.167025438064695608e-01 5.238443667127072878e-01 8.778000000000000247e-01 8.127999999999999670e-01
3.100377622251607179e-01 5.273431239191040953e-01 8.802999999999999714e-01 8.217999999999999750e-01
2.855360223413568876e-01 4.806690540788526311e-01 8.927000000000000490e-01 8.424000000000000377e-01
2.868628765456524010e-01 5.063456546739293351e-01 8.927000000000000490e-01 8.309999999999999609e-01
3.482879055460351148e-01 5.479201448034272115e-01 8.740999999999999881e-01 8.177999999999999714e-01
2.417613356713342043e-01 4.551671205723969993e-01 9.127999999999999448e-01 8.434000000000000385e-01
2.622303967608413666e-01 4.785261720329103130e-01 9.026999999999999469e-01 8.441999999999999504e-01
2.384362791613263144e-01 4.445610016236631323e-01 9.141000000000000236e-01 8.459999999999999742e-01
2.357243432216720447e-01 4.467967479841487011e-01 9.142000000000000126e-01 8.469999999999999751e-01
2.848890114687094854e-01 4.953994758568600609e-01 8.948000000000000398e-01 8.324000000000000288e-01
2.619373223666553452e-01 4.721851457684172471e-01 9.074999999999999734e-01 8.364000000000000323e-01
3.053395899495759402e-01 5.279243122383538989e-01 8.808000000000000274e-01 8.124000000000000110e-01
2.265265752395502763e-01 4.500830465085777221e-01 9.214999999999999858e-01 8.461999999999999522e-01
2.181277408615260316e-01 4.533326176584419054e-01 9.200000000000000400e-01 8.481999999999999540e-01
2.489609194205821829e-01 4.702152441749996026e-01 9.111000000000000210e-01 8.336000000000000076e-01
2.351259338267596422e-01 4.780943659693567271e-01 9.103999999999999870e-01 8.417999999999999927e-01
2.626320280288243492e-01 4.972299825216701663e-01 9.038000000000000478e-01 8.346000000000000085e-01
2.523538862952282580e-01 4.655782334830320668e-01 9.121000000000000218e-01 8.404000000000000359e-01
2.473100571124009495e-01 4.609999712803088401e-01 9.102000000000000091e-01 8.416000000000000147e-01
2.473335924289122301e-01 4.939942488194880021e-01 9.050000000000000266e-01 8.302000000000000490e-01
2.514226047650188756e-01 4.980051266124007059e-01 9.033999999999999808e-01 8.312000000000000499e-01
2.223037102598281189e-01 4.495261930291013508e-01 9.191000000000000281e-01 8.456000000000000183e-01
2.251729253691042709e-01 4.760800294025581136e-01 9.182000000000000162e-01 8.446000000000000174e-01
2.683718950109683088e-01 5.290495490526496702e-01 8.960000000000000187e-01 8.319999999999999618e-01
2.354635633115792770e-01 4.835137662471181152e-01 9.141000000000000236e-01 8.434000000000000385e-01
2.475289064373817904e-01 4.856478595237435081e-01 9.064999999999999725e-01 8.377999999999999892e-01
2.255625861752603711e-01 4.625516907764757879e-01 9.169000000000000483e-01 8.444000000000000394e-01
2.618839186367601934e-01 5.049254522923191102e-01 9.034999999999999698e-01 8.327999999999999847e-01
2.597082749685730163e-01 5.160311925074336781e-01 9.018000000000000460e-01 8.269999999999999574e-01
2.170517169433792692e-01 4.757747586392069850e-01 9.203000000000000069e-01 8.406000000000000139e-01
2.147807313449307809e-01 4.700120591653663693e-01 9.226999999999999647e-01 8.454000000000000403e-01
2.175257820310249335e-01 4.559860637501829683e-01 9.197999999999999510e-01 8.447999999999999954e-01
2.226216421980420357e-01 4.802497011400035376e-01 9.179000000000000492e-01 8.376000000000000112e-01
2.183327718322926048e-01 4.692597842171820077e-01 9.204999999999999849e-01 8.434000000000000385e-01
2.088144418541250935e-01 4.682967625184697447e-01 9.253000000000000114e-01 8.446000000000000174e-01
2.572466863135071669e-01 5.159171952906614900e-01 9.015999999999999570e-01 8.362000000000000544e-01
2.457336010903574397e-01 4.729050865219878719e-01 9.116999999999999549e-01 8.431999999999999496e-01
2.345919471198434636e-01 4.964539509436654008e-01 9.133999999999999897e-01 8.349999999999999645e-01
2.048761418080393415e-01 4.536711692647049099e-01 9.236999999999999655e-01 8.446000000000000174e-01
2.027394175170347534e-01 4.553984570455364422e-01 9.302000000000000268e-01 8.437999999999999945e-01
2.124148752734321965e-01 4.536796292696884114e-01 9.236999999999999655e-01 8.471999999999999531e-01
2.308308450593512251e-01 4.835029860332986651e-01 9.119000000000000439e-01 8.334000000000000297e-01
2.064954307718334381e-01 4.751130892736126765e-01 9.250000000000000444e-01 8.471999999999999531e-01
1.957305680971224982e-01 4.676243327186315746e-01 9.308999999999999497e-01 8.417999999999999927e-01
2.431956601846496924e-01 5.119866333019875704e-01 9.050000000000000266e-01 8.307999999999999829e-01
2.254900686716961311e-01 4.773623364333346997e-01 9.191000000000000281e-01 8.314000000000000279e-01
2.279263969563586345e-01 5.028716907567859495e-01 9.113999999999999879e-01 8.297999999999999821e-01
2.374487445462332424e-01 5.027916973064534556e-01 9.133999999999999897e-01 8.406000000000000139e-01
2.182446165666140636e-01 5.123594758561020868e-01 9.179000000000000492e-01 8.319999999999999618e-01
2.878853702707720452e-01 5.676668970567839700e-01 8.899000000000000243e-01 8.195999999999999952e-01
2.476743686519977394e-01 5.247758368379147331e-01 9.076999999999999513e-01 8.279999999999999583e-01
1.938071410027343289e-01 4.593956512100590972e-01 9.354000000000000092e-01 8.439999999999999725e-01
2.294593438580719569e-01 5.210488272732272108e-01 9.095999999999999641e-01 8.289999999999999591e-01
1.969745061648826290e-01 4.777404796033990486e-01 9.293000000000000149e-01 8.467999999999999972e-01
2.521503266198257265e-01 5.264465870627808020e-01 9.052999999999999936e-01 8.272000000000000464e-01
2.423663579390502587e-01 5.405270179768238981e-01 9.090000000000000302e-01 8.332000000000000517e-01
1.968417455424507356e-01 4.843916964418048532e-01 9.288999999999999480e-01 8.469999999999999751e-01
2.133839684825157845e-01 4.698397803610500079e-01 9.152000000000000135e-01 8.431999999999999496e-01
2.269228857729819193e-01 5.178575268474367999e-01 9.159000000000000474e-01 8.279999999999999583e-01
1.990786493246819722e-01 4.876771292676118086e-01 9.280000000000000471e-01 8.416000000000000147e-01
2.538527260375353922e-01 5.574819520245894999e-01 9.031000000000000139e-01 8.276000000000000023e-01
1.966246608829186060e-01 4.895219876477364673e-01 9.283000000000000140e-01 8.459999999999999742e-01
2.003465387146449728e-01 4.887765326231107155e-01 9.297999999999999599e-01 8.466000000000000192e-01
2.007335743746932466e-01 4.793244823056709847e-01 9.262000000000000233e-01 8.426000000000000156e-01
1.850958008256110565e-01 4.552150847291099867e-01 9.350000000000000533e-01 8.464000000000000412e-01
1.786881960723221696e-01 4.710511892199099049e-01 9.381000000000000449e-01 8.431999999999999496e-01
3.018873347814590713e-01 6.005697336637889627e-01 8.853999999999999648e-01 8.165999999999999925e-01
2.488496718019861942e-01 5.292975436003926060e-01 9.032000000000000028e-01 8.352000000000000535e-01
2.414843136866846318e-01 5.237513300894297563e-01 9.089000000000000412e-01 8.257999999999999785e-01
1.859841390841763253e-01 4.844460567330808876e-01 9.321000000000000396e-01 8.416000000000000147e-01
1.916235472181193056e-01 5.025228494228601850e-01 9.322000000000000286e-01 8.409999999999999698e-01
2.556552038700860008e-01 5.601611365727444669e-01 9.016999999999999460e-01 8.259999999999999565e-01
2.180205296447275121e-01 4.831496104320228135e-01 9.194999999999999840e-01 8.484000000000000430e-01
2.059815295653857348e-01 4.800041033380352817e-01 9.216999999999999638e-01 8.429999999999999716e-01
1.944953629331477862e-01 4.944860123264206986e-01 9.265999999999999792e-01 8.369999999999999662e-01
1.983591561034034889e-01 5.183002010186992248e-01 9.261000000000000343e-01 8.439999999999999725e-01
3.175586760025643218e-01 6.270167916220364956e-01 8.880000000000000115e-01 8.165999999999999925e-01
2.459928873418420203e-01 5.298360750939182795e-01 9.028000000000000469e-01 8.282000000000000473e-01
1.733606254019747772e-01 4.856314453214546911e-01 9.395999999999999908e-01 8.499999999999999778e-01
1.843910696838269303e-01 4.790435022770588303e-01 9.343000000000000194e-01 8.434000000000000385e-01
2.172960406286076340e-01 5.010147310167096801e-01 9.209000000000000519e-01 8.354000000000000314e-01
1.791577645012681352e-01 4.817267303675861756e-01 9.375999999999999890e-01 8.437999999999999945e-01
1.624294667262691505e-01 4.697081396505808915e-01 9.396999999999999797e-01 8.479999999999999760e-01
2.217947935383841607e-01 5.230055657847826334e-01 9.141000000000000236e-01 8.339999999999999636e-01
1.933635292418600105e-01 5.100352734209153693e-01 9.304999999999999938e-01 8.427999999999999936e-01
3.224271856733824104e-01 6.028771594675098600e-01 8.812999999999999723e-01 8.110000000000000542e-01
1.612097464942369718e-01 4.595987173612532395e-01 9.432000000000000384e-01 8.471999999999999531e-01
1.922402724394181583e-01 4.739771945929647790e-01 9.314999999999999947e-01 8.427999999999999936e-01
2.721797792364271107e-01 5.844249151834041145e-01 8.984999999999999654e-01 8.229999999999999538e-01
1.615237305894401676e-01 4.658596004766512033e-01 9.439999999999999503e-01 8.467999999999999972e-01
1.837058614509186616e-01 5.070180404059566603e-01 9.325999999999999845e-01 8.401999999999999469e-01
1.591635778649546085e-01 4.814641449009434693e-01 9.419999999999999485e-01 8.476000000000000201e-01
2.577841182879774262e-01 5.630897155021017397e-01 9.079000000000000403e-01 8.356000000000000094e-01
3.085672000807666016e-01 6.162047544355944151e-01 8.850999999999999979e-01 8.074000000000000066e-01
1.596274179721942355e-01 4.842749937868282561e-01 9.421000000000000485e-01 8.496000000000000218e-01
2.175702018538133997e-01 5.228120574225076922e-01 9.205999999999999739e-01 8.359999999999999654e-01
2.062225310212285334e-01 5.144431647324787527e-01 9.209000000000000519e-01 8.347999999999999865e-01
1.702763878846961787e-01 4.883015420592017319e-01 9.395999999999999908e-01 8.441999999999999504e-01
1.655470490280050722e-01 4.825782718111000791e-01 9.409999999999999476e-01 8.449999999999999734e-01
2.072931047217441147e-01 5.223597414607332734e-01 9.210000000000000409e-01 8.339999999999999636e-01
1.675824634625304455e-01 4.924813246861833305e-01 9.342000000000000304e-01 8.464000000000000412e-01
1.712489887123272714e-01 4.953953083452790618e-01 9.391000000000000458e-01 8.434000000000000385e-01
1.574562660123970392e-01 4.787045705358679015e-01 9.425999999999999934e-01 8.461999999999999522e-01
2.546259366952173808e-01 5.751501814119378553e-01 8.995999999999999552e-01 8.162000000000000366e-01
2.044930419338910343e-01 5.104772249297769848e-01 9.219000000000000528e-01 8.419999999999999707e-01
1.906458351298257192e-01 4.823517506456430071e-01 9.317999999999999616e-01 8.396000000000000130e-01
1.762616449075205816e-01 4.808039291405432625e-01 9.368999999999999551e-01 8.487999999999999989e-01
1.640751510133496571e-01 4.727287176771713395e-01 9.419999999999999485e-01 8.508000000000000007e-01
2.679913945362716321e-01 5.557106639533965220e-01 9.059000000000000385e-01 8.187999999999999723e-01
1.801202969813853472e-01 5.074454578198553945e-01 9.351000000000000423e-01 8.339999999999999636e-01
2.499778759874445866e-01 5.821525211481421991e-01 9.032999999999999918e-01 8.209999999999999520e-01
1.606756453984192479e-01 4.830249316861512932e-01 9.457999999999999741e-01 8.446000000000000174e-01
1.707367286012318741e-01 4.681142746312019765e-01 9.424000000000000155e-01 8.487999999999999989e-01
2.429492272500831385e-01 5.478085524649117799e-01 9.033999999999999808e-01 8.262000000000000455e-01
1.689834850380184939e-01 4.766240999298624881e-01 9.395000000000000018e-01 8.417999999999999927e-01
1.770507449776461129e-01 5.099331954552573931e-01 9.358999999999999542e-01 8.447999999999999954e-01
1.930344299281799014e-01 5.154200593923787821e-01 9.274000000000000021e-01 8.347999999999999865e-01
2.146301136868843384e-01 5.536784825024883006e-01 9.156999999999999584e-01 8.324000000000000288e-01
2.010626273644296746e-01 5.359816968801748294e-01 9.249000000000000554e-01 8.407999999999999918e-01
1.879782462163251400e-01 5.199794424923833702e-01 9.284000000000000030e-01 8.416000000000000147e-01
1.872011500756641800e-01 4.963129684124552021e-01 9.326999999999999735e-01 8.414000000000000368e-01
2.045549914273842584e-01 5.352516024612671286e-01 9.227999999999999536e-01 8.336000000000000076e-01
1.595257769874252607e-01 5.075610384770615768e-01 9.425000000000000044e-01 8.457999999999999963e-01
2.312953124412857053e-01 5.369257728489262860e-01 9.086999999999999522e-01 8.297999999999999821e-01
2.178199860305269908e-01 5.465739763157866360e-01 9.161000000000000254e-01 8.277999999999999803e-01
1.760559984739231143e-01 4.986225276675720908e-01 9.405000000000000027e-01 8.374000000000000332e-01
1.761960879326713025e-01 4.864138612761423897e-01 9.356999999999999762e-01 8.494000000000000439e-01
1.975419293287001832e-01 5.113815584720330376e-01 9.261000000000000343e-01 8.334000000000000297e-01
1.712423587844355000e-01 4.946193813185293942e-01 9.378999999999999559e-01 8.401999999999999469e-01
1.517364705454986862e-01 4.764682144306520706e-01 9.487999999999999767e-01 8.506000000000000227e-01
1.945578932346129497e-01 5.095187950901666207e-01 9.263000000000000123e-01 8.344000000000000306e-01
2.224278779904418635e-01 5.651297931146442854e-01 9.171000000000000263e-01 8.267999999999999794e-01
2.065199910962164376e-01 5.675252319182485516e-01 9.181000000000000272e-01 8.391999999999999460e-01
1.682427554905784883e-01 5.205441531297830826e-01 9.376999999999999780e-01 8.459999999999999742e-01
1.634616435803034895e-01 5.171416589498541994e-01 9.393000000000000238e-01 8.471999999999999531e-01
1.866319913305769795e-01 5.046791954310565487e-01 9.305999999999999828e-01 8.379999999999999671e-01
1.505594060764258169e-01 4.936206450873705798e-01 9.474000000000000199e-01 8.437999999999999945e-01
1.466306443263179771e-01 4.894108569614201709e-01 9.498999999999999666e-01 8.461999999999999522e-01
1.590557982681259919e-01 5.169682461658500205e-01 9.432000000000000384e-01 8.431999999999999496e-01
1.732329086473747004e-01 5.328134752736729540e-01 9.370000000000000551e-01 8.439999999999999725e-01
3.202683054121205908e-01 6.708445017579431902e-01 8.873999999999999666e-01 8.139999999999999458e-01
1.726078826584902248e-01 4.866465131892280804e-01 9.358999999999999542e-01 8.411999999999999478e-01
2.268756720059240117e-01 5.698310203728815804e-01 9.084999999999999742e-01 8.297999999999999821e-01
2.100826616834884086e-01 5.500491517039548528e-01 9.227999999999999536e-01 8.342000000000000526e-01
1.976649574083446104e-01 5.316560538168334515e-01 9.266999999999999682e-01 8.374000000000000332e-01
1.613607637481092316e-01 4.952349215444030173e-01 9.402000000000000357e-01 8.411999999999999478e-01
1.946807735428627562e-01 5.218698636611721620e-01 9.294000000000000039e-01 8.401999999999999469e-01
1.577976565548989407e-01 4.858019062598774584e-01 9.427999999999999714e-01 8.464000000000000412e-01
2.308950893398831750e-01 5.943064536586586399e-01 9.142000000000000126e-01 8.276000000000000023e-01
1.387057656088167279e-01 4.774336234950782298e-01 9.519999999999999574e-01 8.504000000000000448e-01
1.559318956526822286e-01 4.852536425475116877e-01 9.454000000000000181e-01 8.411999999999999478e-01
1.825401304614510667e-01 5.052534098984262645e-01 9.326999999999999735e-01 8.426000000000000156e-01
1.648235638530472502e-01 4.987030524200752324e-01 9.413000000000000256e-01 8.444000000000000394e-01
2.426360998324528784e-01 5.657273016725615777e-01 9.041000000000000147e-01 8.184000000000000163e-01
2.071906590390475145e-01 5.740201940324882735e-01 9.202000000000000179e-01 8.289999999999999591e-01
1.934302977812580870e-01 5.260657826475894083e-01 9.261000000000000343e-01 8.324000000000000288e-01
2.267932964013012198e-01 5.661436622999909130e-01 9.115999999999999659e-01 8.289999999999999591e-01
1.897982635696568998e-01 4.933945777704314417e-01 9.285999999999999810e-01 8.451999999999999513e-01
1.670601132740524575e-01 5.162960784138126424e-01 9.407999999999999696e-01 8.416000000000000147e-01
2.385326067762860158e-01 5.909522748523989844e-01 9.051000000000000156e-01 8.115999999999999881e-01
1.867984816317557750e-01 5.213936566063510636e-01 9.288999999999999480e-01 8.304000000000000270e-01
1.968794084806754219e-01 5.139974219236559394e-01 9.263000000000000123e-01 8.329999999999999627e-01
1.454227865365206873e-01 4.762385253548686581e-01 9.493000000000000327e-01 8.484000000000000430e-01
1.644182002244539142e-01 5.050044780627805929e-01 9.395000000000000018e-01 8.384000000000000341e-01
1.904169754492273936e-01 5.615709632927624595e-01 9.315999999999999837e-01 8.359999999999999654e-01
2.290700149868852842e-01 5.702173488867104956e-01 9.089000000000000412e-01 8.209999999999999520e-01
1.562175486973881033e-01 5.064413104195246706e-01 9.453000000000000291e-01 8.379999999999999671e-01
1.694584980633016547e-01 5.201609588456956867e-01 9.374000000000000110e-01 8.387999999999999901e-01
1.662640576034517814e-01 4.709471379079875342e-01 9.412000000000000366e-01 8.476000000000000201e-01
1.977215943996808722e-01 5.513254101247092587e-01 9.264999999999999902e-01 8.389999999999999680e-01
1.526421958913091181e-01 4.765063080320951494e-01 9.476999999999999869e-01 8.466000000000000192e-01
2.143013628820036875e-01 5.194655428602469316e-01 9.161000000000000254e-01 8.284000000000000252e-01
2.301191496403712788e-01 5.657496232836006778e-01 9.153999999999999915e-01 8.317999999999999838e-01
1.654843071671505961e-01 4.919890554939553851e-01 9.405000000000000027e-01 8.456000000000000183e-01
2.230792010656175439e-01 5.639709076875031313e-01 9.153000000000000025e-01 8.292000000000000481e-01
1.745739558486725795e-01 5.339256381880473912e-01 9.347999999999999643e-01 8.401999999999999469e-01
1.719034743079051464e-01 4.977153632566454489e-01 9.363000000000000211e-01 8.424000000000000377e-01
1.450580627412644263e-01 4.919546629313881758e-01 9.507999999999999785e-01 8.486000000000000210e-01
1.535293790400155955e-01 5.157425786351638175e-01 9.441000000000000503e-01 8.437999999999999945e-01
1.592970427655857057e-01 4.860805829540326140e-01 9.436999999999999833e-01 8.416000000000000147e-01
1.994233203505730301e-01 5.476149757285272424e-01 9.268999999999999462e-01 8.362000000000000544e-01
1.876496878367626131e-01 5.516511417641715154e-01 9.274000000000000021e-01 8.379999999999999671e-01
2.389062093873311476e-01 6.048573061913461446e-01 9.121000000000000218e-01 8.202000000000000401e-01
1.631385349252823802e-01 5.166124343040008338e-01 9.403000000000000247e-01 8.497999999999999998e-01
2.425645638888900002e-01 5.943483228763690729e-01 9.096999999999999531e-01 8.292000000000000481e-01
2.009508344736292140e-01 5.536508058234880236e-01 9.222000000000000197e-01 8.274000000000000243e-01
2.058108185528371992e-01 5.649265673408514488e-01 9.220000000000000417e-01 8.347999999999999865e-01
1.617763030416960734e-01 5.167344531971130861e-01 9.404000000000000137e-01 8.457999999999999963e-01
1.533097034832622552e-01 5.097658102778448441e-01 9.472000000000000419e-01 8.416000000000000147e-01
2.200542642339984034e-01 5.247887607937140597e-01 9.180000000000000382e-01 8.287999999999999812e-01
2.296234638173712816e-01 5.535701124162994979e-01 9.112000000000000099e-01 8.282000000000000473e-01
1.645021762625901718e-01 4.781674920065274170e-01 9.411000000000000476e-01 8.437999999999999945e-01
1.988174597807386978e-01 5.510959806637354408e-01 9.243999999999999995e-01 8.386000000000000121e-01
1.341906267454891499e-01 4.907893030996265393e-01 9.549999999999999600e-01 8.461999999999999522e-01
2.018007834455241567e-01 5.370612603836038002e-01 9.224999999999999867e-01 8.359999999999999654e-01
1.555674972360533981e-01 5.038849619930318990e-01 9.438999999999999613e-01 8.429999999999999716e-01
1.438929869027601449e-01 4.629405850102459308e-01 9.514000000000000234e-01 8.457999999999999963e-01
1.543734372200735450e-01 5.102349704066974079e-01 9.429999999999999494e-01 8.451999999999999513e-01
1.417798193419727015e-01 5.211266375672685136e-01 9.517999999999999794e-01 8.414000000000000368e-01
1.387810739988666608e-01 4.776553486443981256e-01 9.533000000000000362e-01 8.441999999999999504e-01
1.730655783072601595e-01 5.412293926990451309e-01 9.360000000000000542e-01 8.367999999999999883e-01
1.555556191096572061e-01 4.924677363627301685e-01 9.456999999999999851e-01 8.456000000000000183e-01
1.386187491107965242e-01 4.838992340810318593e-01 9.536000000000000032e-01 8.484000000000000430e-01
1.804078351085014187e-01 5.061064301829079071e-01 9.324999999999999956e-01 8.384000000000000341e-01
1.393410461661963584e-01 4.744542899552987580e-01 9.513000000000000345e-01 8.489999999999999769e-01
1.901287027337295599e-01 5.222948106182234707e-01 9.295999999999999819e-01 8.357999999999999874e-01
1.941583808508678954e-01 5.518951414688809676e-01 9.247999999999999554e-01 8.274000000000000243e-01
1.455518205154301969e-01 5.018428653149170637e-01 9.491000000000000547e-01 8.454000000000000403e-01
1.876204746057343886e-01 5.258524411118407071e-01 9.314000000000000057e-01 8.466000000000000192e-01
1.744077968067030693e-01 5.171393728517774679e-01 9.378999999999999559e-01 8.377999999999999892e-01
1.599428114511873833e-01 4.934991691202285646e-01 9.425999999999999934e-01 8.384000000000000341e-01
2.033448027515123713e-01 5.471425879974886053e-01 9.217999999999999527e-01 8.352000000000000535e-01
2.015255099473468314e-01 5.864818028559125596e-01 9.240000000000000435e-01 8.381999999999999451e-01
1.549072469109512018e-01 5.235440453025118623e-01 9.421000000000000485e-01 8.429999999999999716e-01
1.839874379719627362e-01 5.133503234472965859e-01 9.321000000000000396e-01 8.406000000000000139e-01
1.675495969620405534e-01 5.043720391445490892e-01 9.397999999999999687e-01 8.474000000000000421e-01
1.951896383099890886e-01 5.431935125305483725e-01 9.277999999999999581e-01 8.374000000000000332e-01
3.097580453372905107e-01 6.950648006654684963e-01 8.870000000000000107e-01 8.034000000000000030e-01
1.644327634326067655e-01 5.382119705375819629e-01 9.409999999999999476e-01 8.414000000000000368e-01
1.625063645516527100e-01 5.031111878977986285e-01 9.445000000000000062e-01 8.419999999999999707e-01
1.462811690859896208e-01 4.850454080873807250e-01 9.492000000000000437e-01 8.446000000000000174e-01
1.534708005550801391e-01 4.928531687694207020e-01 9.461000000000000520e-01 8.474000000000000421e-01
1.949379969292432124e-01 5.377660835335645872e-01 9.254999999999999893e-01 8.324000000000000288e-01
1.811343997763489588e-01 5.144436916751247146e-01 9.332000000000000295e-01 8.366000000000000103e-01
1.429154307973796167e-01 4.863744618225339100e-01 9.506000000000000005e-01 8.456000000000000183e-01
1.443612488144875861e-01 4.893716949782357939e-01 9.495999999999999996e-01 8.461999999999999522e-01
1.735523342257737633e-01 4.949780331972091774e-01 9.364000000000000101e-01 8.322000000000000508e-01
1.849668708854473043e-01 5.303370754819521915e-01 9.284000000000000030e-01 8.396000000000000130e-01
2.347108776063780156e-01 5.658189080682290983e-01 9.064999999999999725e-01 8.189999999999999503e-01
1.957569617725864464e-01 5.338908427656015032e-01 9.264999999999999902e-01 8.232000000000000428e-01
1.491165465215061325e-01 5.024814791539700121e-01 9.498999999999999666e-01 8.459999999999999742e-01
1.402468095855075314e-01 5.202205488188317295e-01 9.478999999999999648e-01 8.476000000000000201e-01
1.431929212304084986e-01 4.836817589043242993e-01 9.520999999999999464e-01 8.474000000000000421e-01
1.469415995725998902e-01 5.043826241418116751e-01 9.468999999999999639e-01 8.494000000000000439e-01
1.335551340915947238e-01 4.878249648407754768e-01 9.523000000000000353e-01 8.461999999999999522e-01
1.690751515880465072e-01 5.332225973287253451e-01 9.375999999999999890e-01 8.437999999999999945e-01
1.469122764739057285e-01 4.890069099009242692e-01 9.499999999999999556e-01 8.426000000000000156e-01
1.820086062123993931e-01 5.480532518477946313e-01 9.320000000000000506e-01 8.374000000000000332e-01
1.882288572030897666e-01 5.607367090011955435e-01 9.284999999999999920e-01 8.289999999999999591e-01
2.134441636712060830e-01 5.999618462633802274e-01 9.206999999999999629e-01 8.327999999999999847e-01
1.745613603505289380e-01 5.480720708347053272e-01 9.334999999999999964e-01 8.316000000000000059e-01
1.482690321517983190e-01 4.842173309683175941e-01 9.512000000000000455e-01 8.451999999999999513e-01
1.406735749500370170e-01 5.283393885495383246e-01 9.535000000000000142e-01 8.444000000000000394e-01
2.023368263901333675e-01 5.611087161107995991e-01 9.244999999999999885e-01 8.324000000000000288e-01
1.610467040065221567e-01 5.215248582631240026e-01 9.448999999999999622e-01 8.436000000000000165e-01
1.588619729553184257e-01 5.247377485189155255e-01 9.421000000000000485e-01 8.387999999999999901e-01
1.931016405931268443e-01 5.225351590107789601e-01 9.274999999999999911e-01 8.292000000000000481e-01
1.726552980836951467e-01 5.415932476562224096e-01 9.331000000000000405e-01 8.366000000000000103e-01
2.000780442892156341e-01 5.483959207419355497e-01 9.241000000000000325e-01 8.374000000000000332e-01
1.642722109957031607e-01 5.265957038177293548e-01 9.387999999999999678e-01 8.447999999999999954e-01
1.539422984071378842e-01 5.330417575900293636e-01 9.471000000000000529e-01 8.451999999999999513e-01
1.873334140461279940e-01 5.406935066760364395e-01 9.324000000000000066e-01 8.347999999999999865e-01
1.374701853187387524e-01 4.994703218963869595e-01 9.523000000000000353e-01 8.476000000000000201e-01
1.564222670296730455e-01 5.283970057554036037e-01 9.427999999999999714e-01 8.447999999999999954e-01
1.702604206215772575e-01 5.135931533122423120e-01 9.376999999999999780e-01 8.399999999999999689e-01
1.418475625740457102e-01 5.007589352540803285e-01 9.513000000000000345e-01 8.434000000000000385e-01
1.406833456575316554e-01 5.209084290196634992e-01 9.500999999999999446e-01 8.457999999999999963e-01
1.639592306803571153e-01 5.209892895732843865e-01 9.406999999999999806e-01 8.439999999999999725e-01
1.849391854985605876e-01 5.174267086839136054e-01 9.313000000000000167e-01 8.287999999999999812e-01
1.468145993962474416e-01 5.220555701661078185e-01 9.475999999999999979e-01 8.406000000000000139e-01
1.856652780259140101e-01 5.405070794137883938e-01 9.268999999999999462e-01 8.421999999999999487e-01
1.955057739540406181e-01 5.551671326247360483e-01 9.282000000000000250e-01 8.372000000000000552e-01
1.668740812985307354e-01 5.163650837529579762e-01 9.367999999999999661e-01 8.456000000000000183e-01
2.645639143607267929e-01 6.507516842247534905e-01 9.029000000000000359e-01 8.174000000000000155e-01
1.846065388687574693e-01 5.483080124473612704e-01 9.331000000000000405e-01 8.316000000000000059e-01
1.311347370224292819e-01 4.755077782636031869e-01 9.547999999999999821e-01 8.454000000000000403e-01
1.572538256264959800e-01 5.097316423662572316e-01 9.421000000000000485e-01 8.386000000000000121e-01
1.357013577182185349e-01 4.966781070619150085e-01 9.566999999999999948e-01 8.406000000000000139e-01
1.357420662824913304e-01 5.000651200995087642e-01 9.544000000000000261e-01 8.459999999999999742e-01
1.684441177791646260e-01 5.315678612765447619e-01 9.428999999999999604e-01 8.436000000000000165e-01
1.564223787370896956e-01 4.978153478879653315e-01 9.413000000000000256e-01 8.419999999999999707e-01
1.748534229662464246e-01 5.286173563138901743e-01 9.345999999999999863e-01 8.396000000000000130e-01
2.272243363564163676e-01 5.690376393860865356e-01 9.102999999999999980e-01 8.209999999999999520e-01
2.056091100066245458e-01 5.828257940247857372e-01 9.195999999999999730e-01 8.214000000000000190e-01
1.907432424099241575e-01 5.481887494966444230e-01 9.292000000000000259e-01 8.397999999999999909e-01
1.988674382342974500e-01 5.268263510833373076e-01 9.264000000000000012e-01 8.404000000000000359e-01
1.453840864403096456e-01 5.123114093329959040e-01 9.479999999999999538e-01 8.404000000000000359e-01
1.279332761991009704e-01 5.064559172215196137e-01 9.576999999999999957e-01 8.476000000000000201e-01
1.801951500783787741e-01 5.019713018367981672e-01 9.346999999999999753e-01 8.387999999999999901e-01
1.432146538833754534e-01 5.053895080933840100e-01 9.499999999999999556e-01 8.459999999999999742e-01
1.762106031090285019e-01 5.254333562091016985e-01 9.373000000000000220e-01 8.332000000000000517e-01
1.481696138750867309e-01 5.267522290325489243e-01 9.458999999999999631e-01 8.414000000000000368e-01
1.553554478319232046e-01 5.202370671947313951e-01 9.442000000000000393e-01 8.441999999999999504e-01
1.795262382231455900e-01 5.357369613553996102e-01 9.333000000000000185e-01 8.349999999999999645e-01
1.430635791240526811e-01 4.963028964226519624e-01 9.481000000000000538e-01 8.449999999999999734e-01
1.343311021209542266e-01 4.937989823957541491e-01 9.566999999999999948e-01 8.477999999999999980e-01
1.866532193341871870e-01 5.323988671706679776e-01 9.296999999999999709e-01 8.336000000000000076e-01
1.538172872990689055e-01 5.292031701539915423e-01 9.445000000000000062e-01 8.424000000000000377e-01
1.513289203987676912e-01 4.758753252808386458e-01 9.468999999999999639e-01 8.444000000000000394e-01
1.571579684283261613e-01 5.401728980014133263e-01 9.424000000000000155e-01 8.379999999999999671e-01
1.923093623012795961e-01 5.544571217891647308e-01 9.274000000000000021e-01 8.372000000000000552e-01
1.677136603025062567e-01 5.521805659992785609e-01 9.358999999999999542e-01 8.407999999999999918e-01
2.191646732390349350e-01 5.635721873605754606e-01 9.149000000000000465e-01 8.215999999999999970e-01
1.750825724158078245e-01 5.333124247883855862e-01 9.340000000000000524e-01 8.284000000000000252e-01
1.570684111790916493e-01 5.342299865432146300e-01 9.424000000000000155e-01 8.376000000000000112e-01
1.645113997627156155e-01 5.519360106939082966e-01 9.387999999999999678e-01 8.366000000000000103e-01
1.520802568590000625e-01 5.113935163145473251e-01 9.465999999999999970e-01 8.411999999999999478e-01
1.629665132383801840e-01 5.287084455335041566e-01 9.414000000000000146e-01 8.436000000000000165e-01
1.851668197224030921e-01 5.718320751527687928e-01 9.274000000000000021e-01 8.379999999999999671e-01
2.092850742527575802e-01 5.865919412576267034e-01 9.167999999999999483e-01 8.264000000000000234e-01
1.795474969171053370e-01 5.333193750719736892e-01 9.346999999999999753e-01 8.337999999999999856e-01
1.867395017610720409e-01 5.665485649475157093e-01 9.274999999999999911e-01 8.249999999999999556e-01
1.206007991285938524e-01 4.959695280780812010e-01 9.593000000000000416e-01 8.509999999999999787e-01
2.951064848339086111e-01 6.902927995724683630e-01 8.904999999999999583e-01 8.075999999999999845e-01
1.933151795124297134e-01 5.209879424229000300e-01 9.267999999999999572e-01 8.239999999999999547e-01
2.240330788421852071e-01 5.798331195803563265e-01 9.133000000000000007e-01 8.289999999999999591e-01
1.749554811094560791e-01 5.248092786151236089e-01 9.345999999999999863e-01 8.389999999999999680e-01
1.433064515571358943e-01 4.999073278550926203e-01 9.492000000000000437e-01 8.464000000000000412e-01
2.320434249889788136e-01 5.922089994826890136e-01 9.068000000000000504e-01 8.264000000000000234e-01
1.414171789244997035e-01 5.141420780831622572e-01 9.509999999999999565e-01 8.427999999999999936e-01
1.690176102447535078e-01 5.205398274128955061e-01 9.351000000000000423e-01 8.377999999999999892e-01
1.842338447980421401e-01 5.587758928250597945e-01 9.323000000000000176e-01 8.332000000000000517e-01
1.465147014134575709e-01 4.740130811395443788e-01 9.524000000000000243e-01 8.406000000000000139e-01
1.520993028442832462e-01 4.916540346612604528e-01 9.482000000000000428e-01 8.494000000000000439e-01
1.650410507095789736e-01 5.497944075553022891e-01 9.384000000000000119e-01 8.372000000000000552e-01
1.511451750142303874e-01 4.954508138266790485e-01 9.482000000000000428e-01 8.389999999999999680e-01
2.232852977931196747e-01 5.662203241297069090e-01 9.063999999999999835e-01 8.139999999999999458e-01
1.573912297142087413e-01 5.470668786800447769e-01 9.405999999999999917e-01 8.342000000000000526e-01
1.701990455334848329e-01 5.313088621633678121e-01 9.356999999999999762e-01 8.359999999999999654e-01
1.384384613347409976e-01 4.995093824061874188e-01 9.536999999999999922e-01 8.477999999999999980e-01
1.500309718388798952e-01 5.232415852030393166e-01 9.437999999999999723e-01 8.461999999999999522e-01
1.805631324516235592e-01 5.154645386659810757e-01 9.353000000000000203e-01 8.424000000000000377e-01
1.452070100439506461e-01 5.145227079019190075e-01 9.481000000000000538e-01 8.431999999999999496e-01
1.293331124924573250e-01 4.943155356618071927e-01 9.555000000000000160e-01 8.469999999999999751e-01
1.441773913493120396e-01 5.189579078296279180e-01 9.486999999999999877e-01 8.524000000000000465e-01
1.901538442500259329e-01 5.760240721244048734e-01 9.254999999999999893e-01 8.279999999999999583e-01
1.373071018364671325e-01 5.019392737669690074e-01 9.534000000000000252e-01 8.439999999999999725e-01
1.679173064963677131e-01 5.045034845189706463e-01 9.364999999999999991e-01 8.461999999999999522e-01
1.240849273644518275e-01 4.862713579658170526e-01 9.577999999999999847e-01 8.477999999999999980e-01
1.301288801961417996e-01 5.114024141567644621e-01 9.558999999999999719e-01 8.516000000000000236e-01
1.554595259477158931e-01 5.529765647824135266e-01 9.459999999999999520e-01 8.424000000000000377e-01
1.463186268891983333e-01 5.181254965011951041e-01 9.469999999999999529e-01 8.474000000000000421e-01
1.300396671133451365e-01 5.095171484752805124e-01 9.546000000000000041e-01 8.494000000000000439e-01
2.280054275784673401e-01 5.870634554592215615e-01 9.099000000000000421e-01 8.202000000000000401e-01
1.895198379541159217e-01 5.412778765905396083e-01 9.285999999999999810e-01 8.294000000000000261e-01
1.783240713396933574e-01 5.042153205854389419e-01 9.367999999999999661e-01 8.369999999999999662e-01
1.534366806014993145e-01 5.250003909497538146e-01 9.434000000000000163e-01 8.407999999999999918e-01
1.480909527799600667e-01 5.251019272036530072e-01 9.463000000000000300e-01 8.417999999999999927e-01
1.659674511962074550e-01 5.169179440301341355e-01 9.401000000000000467e-01 8.441999999999999504e-01
2.589887983180631514e-01 6.599400265476399463e-01 9.008000000000000451e-01 8.237999999999999767e-01
1.330506286549206219e-01 5.020251940162875348e-01 9.550999999999999490e-01 8.477999999999999980e-01
1.674070686467054314e-01 5.485613807720938206e-01 9.393000000000000238e-01 8.349999999999999645e-01
1.216036020544296187e-01 4.841280774260078301e-01 9.610999999999999543e-01 8.528000000000000025e-01
1.701108031882517246e-01 5.387070340888271414e-01 9.354000000000000092e-01 8.409999999999999698e-01
1.429102587057268225e-01 4.916243780068914049e-01 9.512000000000000455e-01 8.434000000000000385e-01
1.733324724535290351e-01 5.218377657547980109e-01 9.355999999999999872e-01 8.449999999999999734e-01
1.660230273097305920e-01 4.986975766365658314e-01 9.381000000000000449e-01 8.437999999999999945e-01
1.785881034479220308e-01 5.557859379133839317e-01 9.345999999999999863e-01 8.354000000000000314e-01
1.426363515445660257e-01 5.137317489567805318e-01 9.486999999999999877e-01 8.511999999999999567e-01
3.530319172072741707e-01 7.401801311129030392e-01 8.709999999999999964e-01 7.825999999999999623e-01
1.452377921152357421e-01 5.018826987283454555e-01 9.483000000000000318e-01 8.436000000000000165e-01
1.481695577420691357e-01 4.961636756560676154e-01 9.503000000000000336e-01 8.407999999999999918e-01
1.844134999368269856e-01 5.445686661288439145e-01 9.332000000000000295e-01 8.317999999999999838e-01
1.409318926607253386e-01 5.064990731931917622e-01 9.523000000000000353e-01 8.456000000000000183e-01
1.587706103018167447e-01 5.398163785463734321e-01 9.445999999999999952e-01 8.379999999999999671e-01
1.285321343001502581e-01 5.038581916144811990e-01 9.555000000000000160e-01 8.469999999999999751e-01
1.393811493682381719e-01 4.877496591702619178e-01 9.507999999999999785e-01 8.404000000000000359e-01
2.101315338748623585e-01 5.989504724959093807e-01 9.243000000000000105e-01 8.274000000000000243e-01
1.726154642105598991e-01 5.430027001368927797e-01 9.340000000000000524e-01 8.352000000000000535e-01
1.539838050545199732e-01 5.063849549104938452e-01 9.449999999999999512e-01 8.417999999999999927e-01
1.791093869334770272e-01 5.475988530854496439e-01 9.346999999999999753e-01 8.337999999999999856e-01
1.894025928445770279e-01 5.760269710549766886e-01 9.280000000000000471e-01 8.322000000000000508e-01
1.604301130545644771e-01 5.480247662471513515e-01 9.419999999999999485e-01 8.327999999999999847e-01
1.364218236039820842e-01 5.110915810179439411e-01 9.498999999999999666e-01 8.416000000000000147e-01
1.500895402954492419e-01 5.014110382676930655e-01 9.473000000000000309e-01 8.421999999999999487e-01
1.648336345561088323e-01 4.972986902516678964e-01 9.393000000000000238e-01 8.366000000000000103e-01
1.466082252643927664e-01 4.985574066838253104e-01 9.469999999999999529e-01 8.479999999999999760e-01
1.805383132172904137e-01 5.386681820549010791e-01 9.318999999999999506e-01 8.307999999999999829e-01
1.487853903554243740e-01 5.408527131173990199e-01 9.473000000000000309e-01 8.411999999999999478e-01
1.971932984211921813e-01 5.535751096801196924e-01 9.271000000000000352e-01 8.336000000000000076e-01
1.506802699127884337e-01 5.178614894086017717e-01 9.448999999999999622e-01 8.372000000000000552e-01
1.435349030025328543e-01 5.011796620293713644e-01 9.516000000000000014e-01 8.404000000000000359e-01
1.692732286627938454e-01 5.163797235780007711e-01 9.414000000000000146e-01 8.436000000000000165e-01
1.898854427172665116e-01 5.521569100499071903e-01 9.276999999999999691e-01 8.367999999999999883e-01
1.389632437924766817e-01 5.328857110167856126e-01 9.525000000000000133e-01 8.469999999999999751e-01
1.556651301159753253e-01 4.883326630332829321e-01 9.472000000000000419e-01 8.444000000000000394e-01
1.539496825874566155e-01 4.844651429341113591e-01 9.479999999999999538e-01 8.426000000000000156e-01
1.903506571446451634e-01 5.210694570157868855e-01 9.282000000000000250e-01 8.329999999999999627e-01
1.324191767579889212e-01 5.050674894711640883e-01 9.506999999999999895e-01 8.456000000000000183e-01
1.545564022560129425e-01 4.978066218597816395e-01 9.437999999999999723e-01 8.457999999999999963e-01
1.527420259555179738e-01 5.181210710572157208e-01 9.462000000000000410e-01 8.464000000000000412e-01
1.623184117888534228e-01 5.015849627416613110e-01 9.401000000000000467e-01 8.424000000000000377e-01
1.531710071399035866e-01 4.882479335855033908e-01 9.452000000000000401e-01 8.436000000000000165e-01
1.387817669049920821e-01 5.121787236071930760e-01 9.484000000000000208e-01 8.501999999999999558e-01
2.386711126178349407e-01 6.126029349068030649e-01 9.105999999999999650e-01 8.129999999999999449e-01
2.088740851759553485e-01 5.709275667039348523e-01 9.214999999999999858e-01 8.302000000000000490e-01
1.581309505726163078e-01 5.023488539274342246e-01 9.416999999999999815e-01 8.362000000000000544e-01
1.830602006575741680e-01 5.809451879135348884e-01 9.287999999999999590e-01 8.262000000000000455e-01
1.697957334090145209e-01 5.648320279400629307e-01 9.345999999999999863e-01 8.294000000000000261e-01
2.171953182819081063e-01 5.864491005700661619e-01 9.145999999999999686e-01 8.245999999999999996e-01
1.686892077473268470e-01 5.341116489575234993e-01 9.375000000000000000e-01 8.437999999999999945e-01
1.489152011068007597e-01 5.203148007753679583e-01 9.446999999999999842e-01 8.384000000000000341e-01
1.274991817611389744e-01 5.097409826333231253e-01 9.579999999999999627e-01 8.464000000000000412e-01
1.470049699895948081e-01 5.170123156609248705e-01 9.476999999999999869e-01 8.416000000000000147e-01
1.351239104208801223e-01 5.012621861471131535e-01 9.533000000000000362e-01 8.461999999999999522e-01
1.551551373892066377e-01 5.166210742953669666e-01 9.447999999999999732e-01 8.451999999999999513e-01
1.556228971320540166e-01 5.563732674338186523e-01 9.415999999999999925e-01 8.417999999999999927e-01
1.768848311459009781e-01 5.126697938458064652e-01 9.327999999999999625e-01 8.424000000000000377e-01
2.121544296350878211e-01 5.774477843844497693e-01 9.139000000000000457e-01 8.215999999999999970e-01
1.946336171182229124e-01 5.378526431319392564e-01 9.251000000000000334e-01 8.302000000000000490e-01
1.520765998412391684e-01 5.253440894222405344e-01 9.471000000000000529e-01 8.372000000000000552e-01
1.464292516700295421e-01 4.864257277582472172e-01 9.485000000000000098e-01 8.429999999999999716e-01
1.478268957819218465e-01 5.220631511400047886e-01 9.475000000000000089e-01 8.444000000000000394e-01
1.553138831359036076e-01 5.353638679448103899e-01 9.424000000000000155e-01 8.376000000000000112e-01
1.389412924074754641e-01 5.035935819995531748e-01 9.545000000000000151e-01 8.421999999999999487e-01
1.398293869964598035e-01 5.016973337140758771e-01 9.529999999999999583e-01 8.476000000000000201e-01
1.682989204314140619e-01 5.397495202088441468e-01 9.395999999999999908e-01 8.409999999999999698e-01
2.043612660893017186e-01 5.409134563793388528e-01 9.246999999999999664e-01 8.347999999999999865e-01
1.809123462621199940e-01 5.463822643563457371e-01 9.331000000000000405e-01 8.322000000000000508e-01
1.703705288111804217e-01 5.386855944607936708e-01 9.373000000000000220e-01 8.329999999999999627e-01
1.589781989468350698e-01 4.928181840566180916e-01 9.445999999999999952e-01 8.426000000000000156e-01
1.692514369153798603e-01 5.576387528685794459e-01 9.366999999999999771e-01 8.336000000000000076e-01
1.859487434568989628e-01 5.407343073277721679e-01 9.318999999999999506e-01 8.394000000000000350e-01
1.582308370739250181e-01 5.439960846678697504e-01 9.443000000000000282e-01 8.344000000000000306e-01
1.949032950026477473e-01 5.746261529638116983e-01 9.293000000000000149e-01 8.322000000000000508e-01
1.731352207067519133e-01 5.207082246972649653e-01 9.364999999999999991e-01 8.416000000000000147e-01
1.509987157109076994e-01 5.034978044193778590e-01 9.452000000000000401e-01 8.376000000000000112e-01
1.952484738221961780e-01 5.422661747843114943e-01 9.253000000000000114e-01 8.332000000000000517e-01
1.992489067380930068e-01 5.563084892471590326e-01 9.232000000000000206e-01 8.327999999999999847e-01
1.398747063756990983e-01 5.056074670134468318e-01 9.477999999999999758e-01 8.496000000000000218e-01
1.490910345225294753e-01 5.207389178446051314e-01 9.463000000000000300e-01 8.484000000000000430e-01
2.057661661406670617e-01 5.544846946747343797e-01 9.199000000000000510e-01 8.249999999999999556e-01
1.449166181058829939e-01 5.476990803222790971e-01 9.485999999999999988e-01 8.401999999999999469e-01
1.467921615361824361e-01 5.080679609742690950e-01 9.486999999999999877e-01 8.384000000000000341e-01
1.636014853723313789e-01 4.845831752762638778e-01 9.408999999999999586e-01 8.454000000000000403e-01
1.656151122298891165e-01 5.355065805027890979e-01 9.387999999999999678e-01 8.406000000000000139e-01
1.842124856576264347e-01 5.773910033112588103e-01 9.290000000000000480e-01 8.317999999999999838e-01
1.780686412844618149e-01 5.315926235372300246e-01 9.314999999999999947e-01 8.306000000000000050e-01
1.577457453635019158e-01 5.333327427109056940e-01 9.417999999999999705e-01 8.389999999999999680e-01
1.813901355677160487e-01 5.329518400415917956e-01 9.324999999999999956e-01 8.386000000000000121e-01
1.396111572716268734e-01 5.158810561738504941e-01 9.512000000000000455e-01 8.457999999999999963e-01
1.929511072775148828e-01 5.855722342154967563e-01 9.265999999999999792e-01 8.299999999999999600e-01
2.028624145938451306e-01 5.573301663716704324e-01 9.246999999999999664e-01 8.257999999999999785e-01
1.513877172727588483e-01 5.068906800047414674e-01 9.449999999999999512e-01 8.431999999999999496e-01
1.687415096226786981e-01 5.360882978836321033e-01 9.365999999999999881e-01 8.362000000000000544e-01
3.174635154805786619e-01 6.386350463644013820e-01 8.877000000000000446e-01 8.080000000000000515e-01
1.564824863612858663e-01 5.131535213472688817e-01 9.462000000000000410e-01 8.349999999999999645e-01
1.852115857193605830e-01 5.520275244728604092e-01 9.315999999999999837e-01 8.406000000000000139e-01
2.204881565431105750e-01 5.708851432108484891e-01 9.129000000000000448e-01 8.177999999999999714e-01
2.002382373830147444e-01 5.691042088956113076e-01 9.254000000000000004e-01 8.279999999999999583e-01
1.360420398058036773e-01 5.110287641609256859e-01 9.527999999999999803e-01 8.489999999999999769e-01
1.925779695552977955e-01 5.234789846813627801e-01 9.285999999999999810e-01 8.342000000000000526e-01
1.826062006693843498e-01 5.667442780958039661e-01 9.321000000000000396e-01 8.407999999999999918e-01
1.737121401152289801e-01 5.388486433224987104e-01 9.333000000000000185e-01 8.446000000000000174e-01
1.923830754158646072e-01 5.483052485437781565e-01 9.265999999999999792e-01 8.342000000000000526e-01
2.113007535975977569e-01 5.638546949503624450e-01 9.220000000000000417e-01 8.306000000000000050e-01
1.480211410986699838e-01 5.005458530023366714e-01 9.477999999999999758e-01 8.409999999999999698e-01
1.801246895823850613e-01 5.646334126960449451e-01 9.336999999999999744e-01 8.332000000000000517e-01
1.860222572091602966e-01 5.801671513683691606e-01 9.290000000000000480e-01 8.266000000000000014e-01
1.566347582407583428e-01 5.018208972301995141e-01 9.436999999999999833e-01 8.477999999999999980e-01
1.352705186752114486e-01 4.896807863353980772e-01 9.538999999999999702e-01 8.426000000000000156e-01
1.902774348607387533e-01 5.467705514051085514e-01 9.287999999999999590e-01 8.314000000000000279e-01
1.629441513617144732e-01 5.337368542966017815e-01 9.381000000000000449e-01 8.456000000000000183e-01
1.455838226031344051e-01 4.981757398579363394e-01 9.485000000000000098e-01 8.461999999999999522e-01
1.735648601711522465e-01 5.302229033696845839e-01 9.381000000000000449e-01 8.349999999999999645e-01
1.340858305360718150e-01 4.761256581431824175e-01 9.547999999999999821e-01 8.479999999999999760e-01
1.585503083314116213e-01 4.985816542814114904e-01 9.442000000000000393e-01 8.421999999999999487e-01
1.438843922729513558e-01 5.238231564482345171e-01 9.514000000000000234e-01 8.374000000000000332e-01
1.516760694061341508e-01 5.308722178282683224e-01 9.495000000000000107e-01 8.496000000000000218e-01
2.071527589569166217e-01 5.736516315777910879e-01 9.247999999999999554e-01 8.344000000000000306e-01
1.374391112139142224e-01 4.869757462594042630e-01 9.544000000000000261e-01 8.437999999999999945e-01
1.783185372064648999e-01 5.526384584753208928e-01 9.343000000000000194e-01 8.429999999999999716e-01
