2.080460680283801267e+00 2.082574707847149043e+00 4.097000000000000086e-01 4.117999999999999994e-01
8.751727992144726631e-01 8.934640106172875296e-01 6.491000000000000103e-01 6.381999999999999895e-01
6.209317366306017494e-01 6.579652241045332861e-01 7.690000000000000169e-01 7.518000000000000238e-01
5.858465317233895187e-01 6.445698164014296294e-01 7.923000000000000043e-01 7.758000000000000451e-01
5.529657222102447589e-01 6.103174493277631063e-01 8.065999999999999837e-01 7.838000000000000522e-01
5.640933035404197549e-01 6.427420053479766526e-01 7.983999999999999986e-01 7.731999999999999984e-01
4.310832864542197274e-01 5.088032196788966344e-01 8.471999999999999531e-01 8.204000000000000181e-01
4.170257307565263805e-01 4.997820157482387171e-01 8.497999999999999998e-01 8.244000000000000217e-01
4.023600687452428826e-01 4.864476796336419384e-01 8.537000000000000144e-01 8.294000000000000261e-01
4.144259867328706770e-01 5.024178671018667552e-01 8.476000000000000201e-01 8.205999999999999961e-01
3.954694172518729567e-01 5.001092901624926146e-01 8.568000000000000060e-01 8.262000000000000455e-01
3.989563098589186119e-01 5.034018376230650071e-01 8.561999999999999611e-01 8.269999999999999574e-01
3.819932292900416471e-01 4.868980080156063983e-01 8.591999999999999638e-01 8.259999999999999565e-01
3.911480685318403649e-01 4.975751853782029444e-01 8.576000000000000290e-01 8.245999999999999996e-01
3.711480253646013971e-01 4.870757932006421487e-01 8.650999999999999801e-01 8.342000000000000526e-01
3.821618241541723804e-01 4.942395010885655138e-01 8.589999999999999858e-01 8.212000000000000410e-01
3.992957059220032523e-01 5.177794874505770029e-01 8.550999999999999712e-01 8.100000000000000533e-01
3.469557389279638304e-01 4.618478275712488701e-01 8.760000000000000009e-01 8.389999999999999680e-01
3.810644393650239881e-01 4.907126792262778703e-01 8.582999999999999519e-01 8.259999999999999565e-01
3.383496004654201750e-01 4.517172482880859041e-01 8.798000000000000265e-01 8.431999999999999496e-01
3.542786738295231608e-01 4.994714517656910213e-01 8.750999999999999890e-01 8.349999999999999645e-01
3.519716705524543188e-01 4.782937019039362192e-01 8.681999999999999718e-01 8.304000000000000270e-01
3.151016758170186449e-01 4.609257543373601052e-01 8.877000000000000446e-01 8.386000000000000121e-01
3.127466559893519737e-01 4.485361343214470109e-01 8.868000000000000327e-01 8.444000000000000394e-01
3.474410861952627605e-01 5.099553629248568809e-01 8.703999999999999515e-01 8.222000000000000419e-01
3.104104081186833120e-01 4.780139317324469395e-01 8.902999999999999803e-01 8.339999999999999636e-01
3.450321436732636804e-01 4.824204881603907924e-01 8.719999999999999973e-01 8.294000000000000261e-01
3.367346660756156962e-01 4.911015724788531100e-01 8.747000000000000330e-01 8.337999999999999856e-01
3.078987614363302705e-01 4.683265942762956935e-01 8.866000000000000547e-01 8.332000000000000517e-01
3.723083086793926855e-01 5.397746563765988270e-01 8.608999999999999986e-01 8.110000000000000542e-01
2.967410103253239062e-01 4.660180606394793146e-01 8.910000000000000142e-01 8.416000000000000147e-01
3.144010100924446993e-01 4.793636960615169085e-01 8.831999999999999851e-01 8.309999999999999609e-01
3.128063345248245919e-01 4.734198577844382916e-01 8.873999999999999666e-01 8.381999999999999451e-01
3.185151976756749881e-01 4.957695508834268350e-01 8.810000000000000053e-01 8.287999999999999812e-01
2.707524413874405900e-01 4.382438293791803274e-01 9.015999999999999570e-01 8.489999999999999769e-01
3.223551233330247401e-01 4.805115949871664460e-01 8.833999999999999631e-01 8.359999999999999654e-01
2.936086304820939574e-01 4.651790549948734976e-01 8.911999999999999922e-01 8.347999999999999865e-01
3.758793753247361979e-01 5.358463522259511169e-01 8.578000000000000069e-01 8.194000000000000172e-01
2.867405777615386619e-01 4.715961169251648988e-01 8.938000000000000389e-01 8.374000000000000332e-01
2.618109826125399886e-01 4.495880794818852277e-01 9.072000000000000064e-01 8.456000000000000183e-01
2.757244490592295483e-01 4.594364277790955464e-01 9.012999999999999901e-01 8.467999999999999972e-01
2.856563057369035930e-01 4.613984893402917620e-01 8.985999999999999543e-01 8.391999999999999460e-01
2.902574374858328254e-01 4.920014095968173740e-01 8.951999999999999957e-01 8.384000000000000341e-01
2.808099894661645890e-01 4.761597943016815382e-01 8.972999999999999865e-01 8.372000000000000552e-01
3.325636787715173237e-01 4.941452733561925159e-01 8.759000000000000119e-01 8.319999999999999618e-01
2.651674929667267588e-01 4.591229140307127587e-01 9.012999999999999901e-01 8.417999999999999927e-01
2.766815517585661244e-01 4.611695638597748115e-01 8.981000000000000094e-01 8.349999999999999645e-01
2.590783962918868366e-01 4.599920366796405036e-01 9.082999999999999963e-01 8.379999999999999671e-01
2.610503569651177469e-01 4.697870533617811706e-01 9.046999999999999487e-01 8.414000000000000368e-01
2.950271343851682548e-01 5.065464765934738489e-01 8.872999999999999776e-01 8.282000000000000473e-01
2.557881791199919652e-01 4.484786713245069167e-01 9.066999999999999504e-01 8.457999999999999963e-01
2.601696818991849347e-01 4.703127868514706544e-01 9.045999999999999597e-01 8.429999999999999716e-01
2.475061911777259316e-01 4.620462257907358428e-01 9.101000000000000201e-01 8.454000000000000403e-01
3.474887612519549918e-01 5.308109296925836995e-01 8.646000000000000352e-01 8.219999999999999529e-01
2.629797284622102382e-01 4.833984971760649230e-01 9.050000000000000266e-01 8.391999999999999460e-01
2.503877416278482149e-01 4.589651637465150813e-01 9.099000000000000421e-01 8.421999999999999487e-01
2.678015531277645467e-01 4.798133000818035065e-01 9.045999999999999597e-01 8.357999999999999874e-01
2.715637844786393251e-01 4.849817947518861860e-01 9.016999999999999460e-01 8.349999999999999645e-01
2.632652260568155711e-01 4.555439841054744754e-01 9.013999999999999790e-01 8.352000000000000535e-01
2.357135662556720523e-01 4.531783359126722588e-01 9.163000000000000034e-01 8.429999999999999716e-01
2.628604712363669660e-01 4.838448267992878638e-01 9.051000000000000156e-01 8.367999999999999883e-01
2.702295135737217135e-01 4.929698446643975274e-01 8.979000000000000314e-01 8.336000000000000076e-01
2.539007282770502361e-01 4.643723454729277167e-01 9.060000000000000275e-01 8.309999999999999609e-01
2.576426751223550582e-01 4.559998113331864000e-01 9.073999999999999844e-01 8.394000000000000350e-01
2.433896736685505491e-01 4.701112281238842283e-01 9.136999999999999567e-01 8.399999999999999689e-01
2.716911383296424232e-01 4.953240543606891033e-01 9.002999999999999892e-01 8.381999999999999451e-01
2.784187721721907427e-01 4.968439281202352564e-01 8.944999999999999618e-01 8.332000000000000517e-01
2.317051419543611768e-01 4.573678199200809091e-01 9.173999999999999932e-01 8.469999999999999751e-01
2.353408203315160430e-01 4.441763747911485760e-01 9.112000000000000099e-01 8.456000000000000183e-01
2.646898359098493470e-01 5.007819913259712319e-01 8.997000000000000552e-01 8.267999999999999794e-01
2.500975757544690037e-01 4.810625784836702334e-01 9.068000000000000504e-01 8.359999999999999654e-01
2.415178460432798602e-01 4.571704998999898684e-01 9.091000000000000192e-01 8.441999999999999504e-01
2.631212414837408309e-01 4.761074591259217281e-01 8.973999999999999755e-01 8.342000000000000526e-01
2.216837667752047381e-01 4.611002765794031677e-01 9.207999999999999519e-01 8.497999999999999998e-01
2.691018844186600090e-01 4.871994259616865830e-01 9.013999999999999790e-01 8.322000000000000508e-01
2.530100534318640015e-01 4.771959878782637277e-01 9.051000000000000156e-01 8.394000000000000350e-01
2.527249345990204565e-01 4.795748617778421985e-01 9.052999999999999936e-01 8.359999999999999654e-01
2.892090591520660170e-01 5.107673840254980391e-01 8.915999999999999481e-01 8.269999999999999574e-01
2.390708950041779968e-01 4.836265407519005910e-01 9.118000000000000549e-01 8.447999999999999954e-01
2.724112303655463196e-01 5.197332656842845733e-01 8.981000000000000094e-01 8.266000000000000014e-01
2.377799265300402642e-01 4.782755600891751002e-01 9.098000000000000531e-01 8.409999999999999698e-01
2.554533218371706216e-01 4.908743845176101739e-01 9.032000000000000028e-01 8.299999999999999600e-01
2.393930894605622584e-01 4.584764211735911643e-01 9.134999999999999787e-01 8.466000000000000192e-01
2.096289008115348185e-01 4.403183505246404117e-01 9.242000000000000215e-01 8.561999999999999611e-01
2.171398793563589502e-01 4.538282288335976911e-01 9.193999999999999950e-01 8.466000000000000192e-01
2.698372255956099641e-01 4.991531800518860251e-01 8.977000000000000535e-01 8.312000000000000499e-01
2.561396734790946095e-01 4.913401172320798760e-01 9.053999999999999826e-01 8.346000000000000085e-01
2.221442851086497250e-01 4.726352750802372826e-01 9.204999999999999849e-01 8.397999999999999909e-01
2.305611425225902733e-01 4.650991372591040118e-01 9.173999999999999932e-01 8.396000000000000130e-01
2.265446739764036543e-01 4.896129998657029470e-01 9.165999999999999703e-01 8.362000000000000544e-01
2.513569297386091805e-01 4.873710758302325363e-01 9.060000000000000275e-01 8.346000000000000085e-01
2.376963714066833711e-01 4.975117874543807384e-01 9.112000000000000099e-01 8.421999999999999487e-01
3.122141236333604852e-01 5.707782713114689654e-01 8.933999999999999719e-01 8.287999999999999812e-01
2.186395710477894161e-01 4.803890399372330866e-01 9.241000000000000325e-01 8.411999999999999478e-01
2.431883633141908863e-01 4.746578500859960359e-01 9.126999999999999558e-01 8.414000000000000368e-01
1.993759235777165517e-01 4.542821911179895089e-01 9.306999999999999718e-01 8.477999999999999980e-01
2.340659984768961310e-01 4.850030279024800661e-01 9.133000000000000007e-01 8.421999999999999487e-01
2.115366727741357922e-01 4.584094192395847811e-01 9.230000000000000426e-01 8.481999999999999540e-01
2.535180730389199888e-01 5.091324097887911515e-01 9.024999999999999689e-01 8.294000000000000261e-01
2.226628013987687060e-01 4.764862792790777180e-01 9.213999999999999968e-01 8.447999999999999954e-01
2.225296057407106232e-01 4.880422418062720924e-01 9.165999999999999703e-01 8.344000000000000306e-01
1.979274095467009054e-01 4.590303159024540780e-01 9.288999999999999480e-01 8.497999999999999998e-01
2.397585248535894498e-01 5.101114045709633782e-01 9.095999999999999641e-01 8.289999999999999591e-01
2.124739332516712154e-01 4.860009772625661917e-01 9.216999999999999638e-01 8.441999999999999504e-01
2.888155674637893355e-01 5.457205747326139278e-01 8.931999999999999940e-01 8.254000000000000226e-01
2.796642171966922663e-01 5.200903110740741075e-01 8.891000000000000014e-01 8.215999999999999970e-01
2.392142138401703033e-01 4.732182665074307626e-01 9.088000000000000522e-01 8.366000000000000103e-01
2.076956483533407283e-01 4.825617639466622810e-01 9.230000000000000426e-01 8.431999999999999496e-01
2.126688492504091310e-01 4.795630544933267569e-01 9.225999999999999757e-01 8.404000000000000359e-01
2.345685280911968262e-01 5.149890766900252492e-01 9.134999999999999787e-01 8.356000000000000094e-01
1.965549395154145840e-01 4.543110782953166393e-01 9.283000000000000140e-01 8.529999999999999805e-01
2.780278658385084145e-01 5.156255097386663877e-01 8.954999999999999627e-01 8.204000000000000181e-01
2.034843986173939245e-01 4.675975298338848063e-01 9.263000000000000123e-01 8.447999999999999954e-01
2.058631382714292968e-01 4.767649036016489150e-01 9.268999999999999462e-01 8.369999999999999662e-01
2.151950665947115759e-01 4.719445434875253476e-01 9.215999999999999748e-01 8.411999999999999478e-01
2.561939125401036521e-01 5.218776600710569591e-01 9.028000000000000469e-01 8.336000000000000076e-01
2.211600561604969706e-01 4.834023914255496379e-01 9.185999999999999721e-01 8.436000000000000165e-01
2.169156897856969746e-01 4.825863967770132046e-01 9.205999999999999739e-01 8.406000000000000139e-01
2.309238509069765355e-01 5.184641959460922767e-01 9.119000000000000439e-01 8.336000000000000076e-01
2.392162646208530474e-01 5.005986034045780686e-01 9.113999999999999879e-01 8.349999999999999645e-01
2.417810943172254701e-01 4.978903400031103876e-01 9.116999999999999549e-01 8.337999999999999856e-01
1.979577966706364545e-01 4.724123117465891530e-01 9.263000000000000123e-01 8.381999999999999451e-01
1.993196470114689811e-01 4.607070804297638267e-01 9.322000000000000286e-01 8.516000000000000236e-01
2.226683606212550293e-01 4.991006537041579594e-01 9.170000000000000373e-01 8.407999999999999918e-01
1.978414488152339668e-01 4.635892639294503237e-01 9.285999999999999810e-01 8.431999999999999496e-01
2.195155333807686793e-01 4.957320923018703751e-01 9.180000000000000382e-01 8.332000000000000517e-01
2.178996276497663642e-01 4.842609534150276174e-01 9.195999999999999730e-01 8.366000000000000103e-01
2.328873368675246081e-01 5.068770522385437349e-01 9.111000000000000210e-01 8.312000000000000499e-01
2.304647107505945203e-01 5.036190628969552385e-01 9.166999999999999593e-01 8.407999999999999918e-01
1.813050833938122108e-01 4.579938844509219287e-01 9.342000000000000304e-01 8.508000000000000007e-01
2.271527768786105739e-01 4.840547576553581033e-01 9.147999999999999465e-01 8.339999999999999636e-01
1.879810676225595611e-01 4.918903421815887800e-01 9.321000000000000396e-01 8.407999999999999918e-01
2.210844373051961964e-01 5.149665306372371854e-01 9.154999999999999805e-01 8.386000000000000121e-01
2.171733128758353837e-01 4.817596140107736624e-01 9.187999999999999501e-01 8.386000000000000121e-01
2.021731283078103125e-01 4.703138623433755217e-01 9.266999999999999682e-01 8.444000000000000394e-01
2.054075902512566276e-01 4.857827718347982326e-01 9.219000000000000528e-01 8.426000000000000156e-01
1.954445889610387788e-01 4.749734277704612539e-01 9.296999999999999709e-01 8.434000000000000385e-01
2.209816010747155945e-01 4.816322803667842933e-01 9.172000000000000153e-01 8.359999999999999654e-01
2.346601212743834874e-01 5.329560557518285835e-01 9.143000000000000016e-01 8.322000000000000508e-01
1.986580932432768787e-01 4.919708993613617909e-01 9.261000000000000343e-01 8.309999999999999609e-01
1.810821401489647597e-01 4.652421217247548202e-01 9.356999999999999762e-01 8.514000000000000457e-01
2.053411664866374720e-01 4.922422331771685311e-01 9.233999999999999986e-01 8.386000000000000121e-01
2.137047175973059432e-01 4.948378308755585486e-01 9.183000000000000052e-01 8.364000000000000323e-01
2.290563719575171853e-01 4.962992852954928868e-01 9.139000000000000457e-01 8.337999999999999856e-01
1.971946840809552792e-01 4.875703433211044935e-01 9.304999999999999938e-01 8.411999999999999478e-01
2.023469527871445406e-01 4.690556347648129343e-01 9.241000000000000325e-01 8.456000000000000183e-01
2.186231768247207663e-01 4.929177955577350168e-01 9.173000000000000043e-01 8.401999999999999469e-01
1.916598604916021353e-01 4.714327574383185282e-01 9.270000000000000462e-01 8.484000000000000430e-01
1.795110585829499672e-01 4.724041553010504546e-01 9.337999999999999634e-01 8.444000000000000394e-01
1.779509858937978195e-01 4.504700367367941993e-01 9.344999999999999973e-01 8.508000000000000007e-01
2.387511500630851435e-01 5.023039248826833836e-01 9.132000000000000117e-01 8.346000000000000085e-01
1.952396482654817356e-01 4.885433313282344647e-01 9.284000000000000030e-01 8.444000000000000394e-01
1.859694792194303836e-01 4.974211326702003277e-01 9.345999999999999863e-01 8.401999999999999469e-01
1.952837862116496570e-01 4.553004858273758115e-01 9.285999999999999810e-01 8.446000000000000174e-01
2.476164237446633609e-01 5.420950488115885424e-01 9.101000000000000201e-01 8.299999999999999600e-01
1.891231040769786320e-01 4.710226542576571029e-01 9.295999999999999819e-01 8.429999999999999716e-01
2.083844453358645321e-01 4.724469020291953703e-01 9.180000000000000382e-01 8.449999999999999734e-01
2.260749145270715410e-01 5.184840951264291231e-01 9.122999999999999998e-01 8.347999999999999865e-01
2.042351389458408328e-01 4.714663405474450175e-01 9.293000000000000149e-01 8.439999999999999725e-01
1.709705519185981404e-01 4.469403601024479200e-01 9.385999999999999899e-01 8.526000000000000245e-01
2.626778057928021992e-01 5.500940818231494500e-01 9.072000000000000064e-01 8.344000000000000306e-01
2.159058915874515483e-01 4.684725683914826577e-01 9.242000000000000215e-01 8.381999999999999451e-01
2.268017639127707374e-01 5.518031773212712654e-01 9.183000000000000052e-01 8.279999999999999583e-01
1.827241380473494381e-01 4.744567774087723455e-01 9.358999999999999542e-01 8.484000000000000430e-01
2.012578776145324821e-01 4.544062961395176625e-01 9.227999999999999536e-01 8.431999999999999496e-01
2.492541049383703022e-01 5.550242498461583907e-01 9.074999999999999734e-01 8.272000000000000464e-01
2.633063538560156958e-01 5.692060183590423872e-01 9.062000000000000055e-01 8.372000000000000552e-01
1.928054919707694048e-01 5.486403407420855638e-01 9.278999999999999471e-01 8.377999999999999892e-01
1.933440565875368944e-01 4.657399029938051327e-01 9.306999999999999718e-01 8.447999999999999954e-01
1.774832118384424839e-01 4.568835719154296648e-01 9.395999999999999908e-01 8.504000000000000448e-01
1.976644949691853115e-01 5.051171693863887313e-01 9.256999999999999673e-01 8.449999999999999734e-01
1.817843215866913054e-01 4.578265708700799408e-01 9.364000000000000101e-01 8.447999999999999954e-01
1.888332540573307017e-01 4.720460227011627485e-01 9.334999999999999964e-01 8.509999999999999787e-01
2.002618490298986587e-01 4.773622861453699628e-01 9.284000000000000030e-01 8.439999999999999725e-01
2.296698336791612172e-01 5.183966969974047601e-01 9.123999999999999888e-01 8.344000000000000306e-01
2.543079522445819696e-01 5.528375801943955503e-01 9.033999999999999808e-01 8.286000000000000032e-01
1.868547721645845150e-01 4.876396239509882546e-01 9.322000000000000286e-01 8.459999999999999742e-01
1.831946655479675945e-01 4.763659523901050963e-01 9.323000000000000176e-01 8.417999999999999927e-01
1.846370016362326172e-01 4.884756383534032409e-01 9.316999999999999726e-01 8.404000000000000359e-01
1.786824588973054129e-01 4.760334794760375243e-01 9.375999999999999890e-01 8.509999999999999787e-01
1.763102049508478986e-01 4.777570539482974832e-01 9.334999999999999964e-01 8.461999999999999522e-01
2.345194078352040301e-01 5.144951921768058378e-01 9.102000000000000091e-01 8.294000000000000261e-01
1.610104116518769890e-01 4.700550944143427889e-01 9.437999999999999723e-01 8.539999999999999813e-01
2.026949559072799278e-01 5.061055622231013240e-01 9.264000000000000012e-01 8.431999999999999496e-01
2.026393631349636681e-01 5.024147847530789912e-01 9.246999999999999664e-01 8.404000000000000359e-01
2.032911315769007909e-01 4.843603503352263973e-01 9.271000000000000352e-01 8.387999999999999901e-01
1.929254900810906947e-01 4.921119815255851626e-01 9.265999999999999792e-01 8.397999999999999909e-01
1.894946626468445305e-01 4.872338122511687963e-01 9.276999999999999691e-01 8.469999999999999751e-01
2.069731102333697836e-01 4.834548158316018251e-01 9.219000000000000528e-01 8.427999999999999936e-01
1.806092840771417463e-01 4.667398374340855360e-01 9.375999999999999890e-01 8.476000000000000201e-01
2.024232359750604837e-01 5.083586823240769936e-01 9.214999999999999858e-01 8.339999999999999636e-01
1.827346845909608997e-01 4.833919632671822009e-01 9.350000000000000533e-01 8.454000000000000403e-01
2.315846858704017353e-01 5.398623709304362084e-01 9.094999999999999751e-01 8.324000000000000288e-01
1.665590770285871602e-01 4.669141939428234633e-01 9.445999999999999952e-01 8.451999999999999513e-01
1.857087624948713933e-01 4.486566972627270000e-01 9.334999999999999964e-01 8.464000000000000412e-01
1.761359538153776105e-01 4.845429468504022230e-01 9.383000000000000229e-01 8.451999999999999513e-01
1.779095829079090918e-01 4.711352772045985793e-01 9.388999999999999568e-01 8.464000000000000412e-01
1.812632956356381997e-01 5.001589969640702904e-01 9.302000000000000268e-01 8.427999999999999936e-01
1.655816402157242184e-01 4.706917853888570868e-01 9.393000000000000238e-01 8.504000000000000448e-01
1.620589945954594990e-01 4.655914200576945494e-01 9.418999999999999595e-01 8.509999999999999787e-01
2.045044336489821313e-01 5.157894038938769521e-01 9.270000000000000462e-01 8.381999999999999451e-01
1.834557118198709980e-01 4.724329631815070707e-01 9.332000000000000295e-01 8.454000000000000403e-01
1.821539644681839931e-01 4.860561232931002174e-01 9.306999999999999718e-01 8.487999999999999989e-01
1.698537860869935301e-01 4.781674086712014993e-01 9.386999999999999789e-01 8.451999999999999513e-01
2.166620453680401515e-01 5.141522351981375749e-01 9.193000000000000060e-01 8.259999999999999565e-01
1.780540637270823512e-01 4.616782278830515729e-01 9.377999999999999670e-01 8.479999999999999760e-01
2.321187233952916318e-01 5.447183176004711802e-01 9.108000000000000540e-01 8.245999999999999996e-01
2.112303455946013819e-01 5.143856823927314137e-01 9.231000000000000316e-01 8.389999999999999680e-01
2.194038177148016633e-01 5.244533728860768518e-01 9.140000000000000346e-01 8.257999999999999785e-01
2.353085231606524275e-01 5.315240822851532432e-01 9.073999999999999844e-01 8.307999999999999829e-01
1.910667034787743301e-01 4.776619756483620471e-01 9.287999999999999590e-01 8.387999999999999901e-01
2.339867825585656980e-01 5.393160052911795121e-01 9.100000000000000311e-01 8.307999999999999829e-01
1.791797075951989393e-01 4.863371582147367200e-01 9.353000000000000203e-01 8.434000000000000385e-01
1.940275432116019549e-01 5.160202559587838689e-01 9.266999999999999682e-01 8.387999999999999901e-01
1.850320563801580720e-01 4.928904584938057498e-01 9.317999999999999616e-01 8.409999999999999698e-01
2.013313520987302929e-01 5.126184156473519993e-01 9.214999999999999858e-01 8.426000000000000156e-01
2.594703050056756388e-01 5.589538547435513038e-01 8.958000000000000407e-01 8.164000000000000146e-01
1.517850404383870866e-01 4.623456674185539850e-01 9.469999999999999529e-01 8.487999999999999989e-01
1.535143496572717592e-01 4.485609512059846593e-01 9.485000000000000098e-01 8.518000000000000016e-01
1.760832534552334017e-01 4.606789418881135356e-01 9.385999999999999899e-01 8.471999999999999531e-01
2.107388531480359761e-01 4.959912599035646297e-01 9.239000000000000545e-01 8.337999999999999856e-01
1.606855358645027099e-01 4.670708121084127806e-01 9.443000000000000282e-01 8.506000000000000227e-01
2.228689654997168534e-01 5.589361479087104900e-01 9.152000000000000135e-01 8.317999999999999838e-01
1.895543180891947899e-01 5.100163244917781391e-01 9.317999999999999616e-01 8.424000000000000377e-01
2.205400186688136199e-01 5.073672438694095677e-01 9.183000000000000052e-01 8.376000000000000112e-01
2.103799215857913574e-01 5.163596451933676335e-01 9.186999999999999611e-01 8.416000000000000147e-01
1.716655780964199962e-01 5.127391807826571224e-01 9.375000000000000000e-01 8.416000000000000147e-01
2.280084450464582579e-01 5.211439543288888254e-01 9.141000000000000236e-01 8.237999999999999767e-01
1.563783338516719357e-01 4.615478212596282881e-01 9.467999999999999750e-01 8.521999999999999575e-01
1.675613810819077676e-01 4.923394266665230834e-01 9.386999999999999789e-01 8.464000000000000412e-01
1.680319795085854773e-01 4.793462568966040394e-01 9.402000000000000357e-01 8.431999999999999496e-01
2.129333321290653724e-01 5.032084417010178612e-01 9.207999999999999519e-01 8.342000000000000526e-01
2.476460088233926327e-01 5.509502177131555545e-01 9.052000000000000046e-01 8.309999999999999609e-01
2.223358724990285307e-01 5.319629251665942693e-01 9.131000000000000227e-01 8.386000000000000121e-01
1.572067716880752308e-01 4.684159444642829739e-01 9.438999999999999613e-01 8.479999999999999760e-01
1.649994645023414863e-01 5.097004403814359152e-01 9.391000000000000458e-01 8.397999999999999909e-01
1.908876089714417745e-01 5.078266120446482956e-01 9.325999999999999845e-01 8.381999999999999451e-01
1.866594992494167715e-01 5.058632659331284698e-01 9.334000000000000075e-01 8.399999999999999689e-01
1.792331294015236942e-01 4.730623826677605170e-01 9.363000000000000211e-01 8.449999999999999734e-01
1.897901499416165261e-01 5.006114141344335522e-01 9.334999999999999964e-01 8.369999999999999662e-01
2.048184529759146111e-01 5.248319591977012033e-01 9.261000000000000343e-01 8.446000000000000174e-01
1.803348271644757417e-01 4.892173119213459320e-01 9.344999999999999973e-01 8.397999999999999909e-01
1.795898529631761997e-01 5.118229671913835377e-01 9.334999999999999964e-01 8.389999999999999680e-01
1.885942346466041863e-01 5.048109483867896374e-01 9.307999999999999607e-01 8.377999999999999892e-01
1.996204619211141007e-01 5.123517792972550611e-01 9.222000000000000197e-01 8.381999999999999451e-01
2.093139508230412171e-01 5.239366475592864836e-01 9.203999999999999959e-01 8.342000000000000526e-01
1.682369688100554539e-01 4.816475980888658137e-01 9.392000000000000348e-01 8.459999999999999742e-01
2.104787681269047472e-01 5.185897042883420571e-01 9.206999999999999629e-01 8.372000000000000552e-01
1.928201145049383003e-01 4.883354075054162635e-01 9.283000000000000140e-01 8.381999999999999451e-01
2.276647021665946791e-01 5.258063045846144146e-01 9.115999999999999659e-01 8.306000000000000050e-01
2.381607402242358063e-01 5.507774407476954126e-01 9.122999999999999998e-01 8.259999999999999565e-01
1.609241159598103210e-01 4.935517967966431829e-01 9.413000000000000256e-01 8.434000000000000385e-01
1.902495622587555835e-01 4.906731710721254913e-01 9.295999999999999819e-01 8.389999999999999680e-01
1.697160534237222573e-01 4.818276073466835618e-01 9.411000000000000476e-01 8.456000000000000183e-01
1.740383640932693932e-01 4.998790198070235391e-01 9.345999999999999863e-01 8.436000000000000165e-01
2.353664819538008601e-01 5.580114186194974346e-01 9.136999999999999567e-01 8.406000000000000139e-01
1.612513825256614297e-01 4.964811041271843250e-01 9.416999999999999815e-01 8.429999999999999716e-01
2.227329426670418000e-01 5.793033840355352737e-01 9.183999999999999941e-01 8.346000000000000085e-01
2.104641301189679736e-01 5.285169606339270576e-01 9.209000000000000519e-01 8.294000000000000261e-01
2.242355709520381102e-01 5.321082129557005436e-01 9.147999999999999465e-01 8.249999999999999556e-01
1.547588113815824284e-01 4.770974386021637481e-01 9.458999999999999631e-01 8.479999999999999760e-01
1.794643155872093776e-01 5.023801381103055741e-01 9.338999999999999524e-01 8.399999999999999689e-01
2.052429719487142423e-01 5.419869958160302703e-01 9.235999999999999766e-01 8.329999999999999627e-01
1.587591915240380014e-01 4.597778850417742480e-01 9.462000000000000410e-01 8.484000000000000430e-01
1.629102212670399674e-01 5.041428295732706122e-01 9.412000000000000366e-01 8.487999999999999989e-01
1.542191836117756676e-01 4.791102429011206421e-01 9.437999999999999723e-01 8.459999999999999742e-01
1.794323851981151074e-01 5.118345271096835791e-01 9.324999999999999956e-01 8.451999999999999513e-01
1.546124037616697089e-01 4.731684573685641104e-01 9.471000000000000529e-01 8.487999999999999989e-01
1.495131563533189933e-01 4.664143408727064455e-01 9.498999999999999666e-01 8.514000000000000457e-01
1.796647458904811201e-01 5.139360992876567114e-01 9.346999999999999753e-01 8.437999999999999945e-01
1.694053391179985990e-01 5.045292614214804683e-01 9.398999999999999577e-01 8.397999999999999909e-01
1.724858443797306351e-01 5.259842608035327771e-01 9.334000000000000075e-01 8.399999999999999689e-01
1.776348900405418929e-01 5.158116401633932036e-01 9.364000000000000101e-01 8.427999999999999936e-01
2.185283341746644403e-01 5.263699074994512284e-01 9.209000000000000519e-01 8.391999999999999460e-01
1.545200308122390009e-01 4.753436879554342465e-01 9.429999999999999494e-01 8.501999999999999558e-01
1.985057515492961444e-01 5.074648435990470885e-01 9.251000000000000334e-01 8.354000000000000314e-01
1.629397711298127827e-01 4.754818924810498837e-01 9.409999999999999476e-01 8.494000000000000439e-01
1.526336537882310995e-01 4.707421280288656140e-01 9.503000000000000336e-01 8.474000000000000421e-01
1.638838791828872710e-01 4.821301230928908832e-01 9.412000000000000366e-01 8.476000000000000201e-01
1.939025319629868738e-01 5.046112405608774720e-01 9.275999999999999801e-01 8.406000000000000139e-01
1.718839553655972241e-01 4.892965937746660554e-01 9.357999999999999652e-01 8.496000000000000218e-01
1.813949243269047107e-01 5.031402527603321406e-01 9.351000000000000423e-01 8.449999999999999734e-01
2.047608554880663845e-01 5.304206736779668585e-01 9.288999999999999480e-01 8.416000000000000147e-01
1.738844356488296605e-01 5.115867443861866759e-01 9.370000000000000551e-01 8.449999999999999734e-01
1.943149291150832458e-01 5.459032005388431141e-01 9.247999999999999554e-01 8.344000000000000306e-01
1.977291440849615334e-01 5.230480449665817488e-01 9.255999999999999783e-01 8.367999999999999883e-01
1.924553435855692052e-01 5.220685839388546912e-01 9.246999999999999664e-01 8.356000000000000094e-01
1.618272458504260713e-01 4.897678342033315868e-01 9.415999999999999925e-01 8.451999999999999513e-01
1.946062131507570458e-01 5.051056793676343970e-01 9.305999999999999828e-01 8.444000000000000394e-01
1.644921815107281970e-01 4.999293553762787501e-01 9.425000000000000044e-01 8.431999999999999496e-01
1.669638911434458972e-01 5.042766433387594338e-01 9.382000000000000339e-01 8.461999999999999522e-01
1.516993418592205711e-01 4.676716718996283828e-01 9.445999999999999952e-01 8.536000000000000254e-01
1.827964600439080656e-01 5.213140949930913370e-01 9.314999999999999947e-01 8.461999999999999522e-01
1.596143458617675925e-01 4.830019268777328567e-01 9.455999999999999961e-01 8.474000000000000421e-01
1.445259175614351799e-01 4.823502868653415376e-01 9.471000000000000529e-01 8.479999999999999760e-01
1.662423879768095969e-01 4.824263730681020990e-01 9.403000000000000247e-01 8.501999999999999558e-01
1.872147448134607872e-01 5.537918308203827467e-01 9.316999999999999726e-01 8.364000000000000323e-01
2.528572883151873341e-01 5.721197609606669676e-01 9.042000000000000037e-01 8.306000000000000050e-01
1.863292036119117145e-01 5.129997795569318786e-01 9.312000000000000277e-01 8.427999999999999936e-01
1.727123640670431559e-01 4.871744693856494557e-01 9.358999999999999542e-01 8.414000000000000368e-01
2.024432573170578398e-01 5.587981993585945384e-01 9.222000000000000197e-01 8.215999999999999970e-01
1.776592617282808928e-01 5.178401085573876017e-01 9.378999999999999559e-01 8.396000000000000130e-01
1.944342338041128160e-01 5.073692358862890162e-01 9.296999999999999709e-01 8.397999999999999909e-01
1.711394765317542921e-01 5.021290479341092849e-01 9.398999999999999577e-01 8.464000000000000412e-01
2.335200157313254421e-01 5.425844002489582651e-01 9.060000000000000275e-01 8.224000000000000199e-01
1.560177898905138749e-01 4.861424798819021786e-01 9.443000000000000282e-01 8.396000000000000130e-01
2.407958943813360841e-01 5.918980823627998378e-01 9.056999999999999496e-01 8.155999999999999917e-01
1.829078987238617338e-01 5.140447873102335086e-01 9.342000000000000304e-01 8.389999999999999680e-01
1.494371119934847225e-01 4.877655063883799547e-01 9.474000000000000199e-01 8.439999999999999725e-01
1.683401144655217452e-01 5.014313146071985861e-01 9.370000000000000551e-01 8.417999999999999927e-01
1.363048213810658382e-01 4.713514767703211872e-01 9.542000000000000481e-01 8.497999999999999998e-01
1.975005122084231846e-01 5.206759293182366966e-01 9.301000000000000378e-01 8.381999999999999451e-01
1.452329002238717248e-01 4.632876577365928061e-01 9.503000000000000336e-01 8.516000000000000236e-01
1.791036287014977357e-01 5.321388081710046736e-01 9.374000000000000110e-01 8.437999999999999945e-01
1.728809830121968427e-01 5.108740662504726027e-01 9.365999999999999881e-01 8.414000000000000368e-01
1.582515561912275770e-01 4.825056921657518427e-01 9.465999999999999970e-01 8.484000000000000430e-01
1.508609556625722103e-01 4.993862096990778765e-01 9.472000000000000419e-01 8.449999999999999734e-01
1.763867619936635156e-01 5.139022221764909526e-01 9.326999999999999735e-01 8.399999999999999689e-01
1.505662665649328547e-01 4.642906954015994514e-01 9.471000000000000529e-01 8.466000000000000192e-01
1.782336778229596241e-01 5.167358704198610209e-01 9.363000000000000211e-01 8.374000000000000332e-01
1.496612833114876473e-01 4.859200244865973239e-01 9.447999999999999732e-01 8.486000000000000210e-01
4.314732501304780476e-01 7.672697457423915957e-01 8.430999999999999606e-01 7.835999999999999632e-01
1.695613685386817837e-01 5.109572447007534324e-01 9.385000000000000009e-01 8.411999999999999478e-01
1.890741459297829441e-01 5.320687684588635280e-01 9.307999999999999607e-01 8.347999999999999865e-01
1.703492673726470785e-01 5.068181607227316698e-01 9.344000000000000083e-01 8.416000000000000147e-01
1.548709435319449434e-01 4.835399685228163325e-01 9.435999999999999943e-01 8.476000000000000201e-01
1.637652170597429790e-01 5.176945652928715003e-01 9.386999999999999789e-01 8.427999999999999936e-01
2.233606428215327011e-01 5.588340089329311144e-01 9.092000000000000082e-01 8.254000000000000226e-01
1.978337749925012379e-01 5.567924350910525844e-01 9.297999999999999599e-01 8.366000000000000103e-01
1.664169605457402890e-01 5.120242741927620855e-01 9.385999999999999899e-01 8.367999999999999883e-01
1.623555156653243847e-01 5.115507614048677709e-01 9.418999999999999595e-01 8.454000000000000403e-01
1.379289852410814921e-01 4.919739131113335939e-01 9.516000000000000014e-01 8.404000000000000359e-01
1.664831093609015489e-01 4.826463224223856985e-01 9.391000000000000458e-01 8.417999999999999927e-01
2.710606105195944027e-01 6.164923024129067564e-01 8.861999999999999877e-01 8.070000000000000506e-01
1.896430913668171736e-01 5.310877322052383054e-01 9.300000000000000488e-01 8.386000000000000121e-01
1.753452685100300168e-01 5.066228151767950827e-01 9.322000000000000286e-01 8.464000000000000412e-01
2.131466467392135744e-01 5.451562961900524584e-01 9.199000000000000510e-01 8.421999999999999487e-01
1.679675036828197909e-01 4.899504969811994681e-01 9.391000000000000458e-01 8.427999999999999936e-01
1.625708688132262436e-01 5.143302393998954170e-01 9.421000000000000485e-01 8.501999999999999558e-01
1.969364006394875577e-01 5.386254158719147034e-01 9.317999999999999616e-01 8.245999999999999996e-01
1.357411782240560416e-01 4.833926153821764271e-01 9.528999999999999693e-01 8.518000000000000016e-01
1.564574153512609256e-01 4.853440986066760998e-01 9.425000000000000044e-01 8.499999999999999778e-01
1.851715721850524798e-01 4.975177870671614322e-01 9.316999999999999726e-01 8.352000000000000535e-01
1.799903519412753561e-01 5.451173689441969339e-01 9.296999999999999709e-01 8.297999999999999821e-01
1.481582331714764167e-01 4.862806559817851593e-01 9.469999999999999529e-01 8.446000000000000174e-01
2.110780523913088069e-01 6.042067842419845958e-01 9.180000000000000382e-01 8.217999999999999750e-01
2.015244282659675590e-01 5.466540217629418663e-01 9.210000000000000409e-01 8.332000000000000517e-01
1.588367218794133895e-01 5.089017278972393088e-01 9.416999999999999815e-01 8.414000000000000368e-01
1.993576775929468692e-01 5.435634118043161100e-01 9.282000000000000250e-01 8.314000000000000279e-01
1.544140611044308442e-01 4.921490728794993830e-01 9.452000000000000401e-01 8.506000000000000227e-01
1.514726702074702114e-01 4.911431216399952948e-01 9.477999999999999758e-01 8.451999999999999513e-01
1.792711125712583564e-01 5.251137741097835487e-01 9.362000000000000322e-01 8.336000000000000076e-01
1.815639971207522740e-01 5.212134793426035362e-01 9.325999999999999845e-01 8.354000000000000314e-01
1.589860176329339347e-01 4.986543109633335691e-01 9.467999999999999750e-01 8.484000000000000430e-01
2.080184805804524417e-01 5.608918503070817740e-01 9.202000000000000179e-01 8.272000000000000464e-01
1.728891010477719703e-01 5.173583417071208057e-01 9.367999999999999661e-01 8.409999999999999698e-01
1.777366065342540769e-01 4.982399023885798472e-01 9.377999999999999670e-01 8.457999999999999963e-01
1.879115689816241164e-01 5.226968787961424612e-01 9.324000000000000066e-01 8.362000000000000544e-01
1.959005933924012344e-01 5.495880617083703790e-01 9.267999999999999572e-01 8.225999999999999979e-01
1.554728380323471271e-01 4.946012120963345082e-01 9.435999999999999943e-01 8.381999999999999451e-01
1.695584503886391758e-01 4.747915245872776913e-01 9.405000000000000027e-01 8.451999999999999513e-01
1.897844129555915638e-01 5.168160620103224856e-01 9.265999999999999792e-01 8.364000000000000323e-01
2.078851439780160515e-01 5.717064371129148004e-01 9.229000000000000536e-01 8.326000000000000068e-01
1.540829179180025765e-01 4.964140883279102856e-01 9.465000000000000080e-01 8.464000000000000412e-01
1.738816493220934623e-01 5.176268556368595064e-01 9.374000000000000110e-01 8.344000000000000306e-01
1.868743114702097474e-01 5.263087221899411805e-01 9.276999999999999691e-01 8.339999999999999636e-01
1.638709619887725455e-01 4.954467385786836542e-01 9.412000000000000366e-01 8.419999999999999707e-01
1.705994160596124853e-01 5.080067182484826471e-01 9.395000000000000018e-01 8.376000000000000112e-01
1.368946750570264603e-01 4.904981269241605601e-01 9.543000000000000371e-01 8.476000000000000201e-01
1.715232746053492741e-01 5.186964989187182740e-01 9.367999999999999661e-01 8.424000000000000377e-01
1.786663026235789931e-01 5.174519933446722897e-01 9.345999999999999863e-01 8.381999999999999451e-01
1.642961341126790986e-01 5.191753414078029705e-01 9.409999999999999476e-01 8.374000000000000332e-01
1.861568674214884589e-01 5.442123642357451496e-01 9.304999999999999938e-01 8.384000000000000341e-01
1.808685996322621226e-01 5.234652683871556800e-01 9.286999999999999700e-01 8.374000000000000332e-01
1.888018362042047094e-01 5.181396763618303369e-01 9.278999999999999471e-01 8.391999999999999460e-01
1.572024374702048755e-01 4.929583642535994015e-01 9.446999999999999842e-01 8.459999999999999742e-01
1.644337992250133051e-01 5.138394157398278317e-01 9.429999999999999494e-01 8.459999999999999742e-01
1.553033155372143537e-01 4.956834946351434956e-01 9.449999999999999512e-01 8.461999999999999522e-01
1.612172002845582430e-01 4.997335121614576714e-01 9.423000000000000265e-01 8.414000000000000368e-01
1.348752817140962679e-01 4.790337372965095541e-01 9.540999999999999481e-01 8.524000000000000465e-01
1.504526647324515298e-01 5.132743042764277286e-01 9.482000000000000428e-01 8.374000000000000332e-01
1.769144632395805161e-01 5.372735675749219508e-01 9.315999999999999837e-01 8.344000000000000306e-01
2.828880626516693253e-01 6.352430385628062837e-01 9.002999999999999892e-01 8.127999999999999670e-01
1.747981481117480695e-01 5.263276351112419205e-01 9.360000000000000542e-01 8.389999999999999680e-01
1.527501819337859501e-01 4.815364814104405866e-01 9.441000000000000503e-01 8.511999999999999567e-01
1.524204791816977100e-01 5.212416612712927888e-01 9.445999999999999952e-01 8.464000000000000412e-01
1.941941323926361651e-01 5.451669955122752098e-01 9.254000000000000004e-01 8.296000000000000041e-01
2.115043605005866856e-01 5.446556103052100362e-01 9.173000000000000043e-01 8.286000000000000032e-01
1.533709679950729099e-01 5.148212921606891701e-01 9.447999999999999732e-01 8.431999999999999496e-01
1.349253927476308512e-01 4.927671876916764893e-01 9.539999999999999591e-01 8.461999999999999522e-01
1.541091020441794357e-01 5.020892022925121934e-01 9.483000000000000318e-01 8.449999999999999734e-01
1.432662447667936712e-01 4.999113581989280686e-01 9.466999999999999860e-01 8.477999999999999980e-01
1.370852570546532700e-01 4.773026541214965834e-01 9.542000000000000481e-01 8.508000000000000007e-01
2.119797132740074697e-01 5.498046452292341124e-01 9.164999999999999813e-01 8.297999999999999821e-01
1.383475123340916491e-01 4.773535296074307710e-01 9.519999999999999574e-01 8.509999999999999787e-01
1.631725284115383146e-01 5.053604809840673839e-01 9.405999999999999917e-01 8.384000000000000341e-01
1.866335833845111924e-01 5.124769053407665087e-01 9.323000000000000176e-01 8.394000000000000350e-01
1.693241198965817207e-01 5.251538416064800430e-01 9.371000000000000441e-01 8.417999999999999927e-01
1.598017087645610124e-01 5.075029122911841606e-01 9.417999999999999705e-01 8.376000000000000112e-01
1.469397636042402144e-01 5.032368866239900207e-01 9.486999999999999877e-01 8.459999999999999742e-01
1.669999656397173071e-01 4.710026570099778986e-01 9.408999999999999586e-01 8.486000000000000210e-01
2.033823038459887933e-01 5.332354555026020959e-01 9.239000000000000545e-01 8.242000000000000437e-01
1.451044961217572704e-01 4.960832316317401181e-01 9.500999999999999446e-01 8.481999999999999540e-01
1.419796386449465042e-01 4.816913738757375718e-01 9.512000000000000455e-01 8.446000000000000174e-01
1.867282341898114373e-01 5.303820444296583059e-01 9.295999999999999819e-01 8.294000000000000261e-01
1.693126557466058668e-01 5.228405303170113871e-01 9.384000000000000119e-01 8.457999999999999963e-01
2.124503336089183514e-01 5.513413576712196118e-01 9.224999999999999867e-01 8.309999999999999609e-01
1.523667418466448931e-01 4.758024981142486287e-01 9.461000000000000520e-01 8.431999999999999496e-01
1.502640113291713875e-01 4.732479823282139675e-01 9.495000000000000107e-01 8.437999999999999945e-01
1.812936562459455669e-01 5.565912371873168452e-01 9.331000000000000405e-01 8.317999999999999838e-01
1.271466298247867777e-01 4.873564033255851635e-01 9.556000000000000050e-01 8.508000000000000007e-01
1.985474206444292899e-01 5.147352695749118912e-01 9.229000000000000536e-01 8.324000000000000288e-01
1.898882291564550906e-01 5.261236504324888763e-01 9.303000000000000158e-01 8.267999999999999794e-01
1.745619562744102904e-01 5.446977701861983601e-01 9.330000000000000515e-01 8.389999999999999680e-01
2.309733181734037188e-01 5.541679010823398199e-01 9.102999999999999980e-01 8.167999999999999705e-01
1.605079650057767704e-01 5.174495469153631566e-01 9.453000000000000291e-01 8.387999999999999901e-01
1.802267653774217715e-01 5.660005051049916691e-01 9.284000000000000030e-01 8.312000000000000499e-01
1.508853552952212906e-01 4.838497263216748334e-01 9.482000000000000428e-01 8.509999999999999787e-01
1.783889461159167134e-01 5.292174711260270170e-01 9.327999999999999625e-01 8.384000000000000341e-01
1.833374617756425295e-01 5.557301627782942344e-01 9.275999999999999801e-01 8.302000000000000490e-01
1.464656361276122087e-01 5.194897400692961575e-01 9.477999999999999758e-01 8.421999999999999487e-01
2.821769701174892120e-01 6.309361213625764853e-01 9.022000000000000020e-01 8.179999999999999494e-01
1.864546407758626567e-01 5.436405439200502343e-01 9.331000000000000405e-01 8.376000000000000112e-01
2.191504155193058634e-01 5.436957785632950957e-01 9.153999999999999915e-01 8.266000000000000014e-01
1.745165943440921685e-01 5.104483348891198924e-01 9.357999999999999652e-01 8.326000000000000068e-01
1.655762938707693033e-01 5.201341198212973138e-01 9.395999999999999908e-01 8.386000000000000121e-01
1.689329730247445538e-01 5.279065286446625871e-01 9.411000000000000476e-01 8.404000000000000359e-01
2.066791427174402562e-01 5.598693382347701419e-01 9.191000000000000281e-01 8.284000000000000252e-01
1.441759446702209069e-01 5.029689269758166326e-01 9.465999999999999970e-01 8.471999999999999531e-01
1.676028712762226425e-01 5.026659749539152955e-01 9.403000000000000247e-01 8.389999999999999680e-01
1.465172102949831301e-01 5.022643862443910701e-01 9.478999999999999648e-01 8.464000000000000412e-01
1.375829443461147050e-01 4.939348202495937312e-01 9.510999999999999455e-01 8.526000000000000245e-01
1.475541963953305169e-01 5.035180973378563518e-01 9.445999999999999952e-01 8.461999999999999522e-01
1.699880384261801269e-01 5.264482759360608055e-01 9.377999999999999670e-01 8.467999999999999972e-01
1.648680952604691385e-01 5.220226069460377483e-01 9.398999999999999577e-01 8.394000000000000350e-01
1.479095309492935995e-01 4.917569096757372082e-01 9.445000000000000062e-01 8.464000000000000412e-01
1.960743161600893292e-01 5.392727336684869366e-01 9.285999999999999810e-01 8.309999999999999609e-01
1.561983835314874336e-01 4.924652467660582400e-01 9.452000000000000401e-01 8.447999999999999954e-01
1.510775302718636304e-01 5.096808693987384675e-01 9.449999999999999512e-01 8.474000000000000421e-01
1.576708896826538586e-01 5.287837860139533719e-01 9.442000000000000393e-01 8.349999999999999645e-01
1.864819777892251784e-01 5.303460438321438986e-01 9.302000000000000268e-01 8.354000000000000314e-01
2.233580105985113196e-01 5.751792408588990435e-01 9.184999999999999831e-01 8.287999999999999812e-01
1.604844085608241322e-01 4.978998111592871090e-01 9.455999999999999961e-01 8.381999999999999451e-01
1.750298661217732366e-01 5.198841943737102511e-01 9.375999999999999890e-01 8.339999999999999636e-01
2.329589651730316346e-01 5.964597631982644366e-01 9.104999999999999760e-01 8.165999999999999925e-01
1.538580150759092380e-01 4.871692065040672537e-01 9.455000000000000071e-01 8.421999999999999487e-01
1.567027155981061126e-01 5.015892218966522265e-01 9.421000000000000485e-01 8.387999999999999901e-01
1.530309993137282665e-01 5.343103431533166026e-01 9.417999999999999705e-01 8.431999999999999496e-01
1.851275283883156708e-01 5.671030128205258869e-01 9.291000000000000369e-01 8.357999999999999874e-01
1.874921145929573374e-01 5.504403249382537888e-01 9.305999999999999828e-01 8.297999999999999821e-01
1.468553297657387846e-01 4.964845829556283063e-01 9.478999999999999648e-01 8.466000000000000192e-01
1.770278775751078504e-01 5.603977778425226486e-01 9.312000000000000277e-01 8.356000000000000094e-01
1.476813394443048932e-01 5.177654375168949663e-01 9.493000000000000327e-01 8.407999999999999918e-01
2.237181411274429266e-01 5.633228236429862479e-01 9.143000000000000016e-01 8.262000000000000455e-01
1.475135782654699301e-01 5.107532435336259447e-01 9.465000000000000080e-01 8.427999999999999936e-01
1.506377688964439243e-01 5.053825236179123603e-01 9.473000000000000309e-01 8.417999999999999927e-01
1.700502477860802164e-01 4.986698212984453926e-01 9.387999999999999678e-01 8.386000000000000121e-01
1.656252939312986006e-01 5.563687800834024033e-01 9.378999999999999559e-01 8.342000000000000526e-01
1.666554077266330369e-01 5.275380445462675150e-01 9.373000000000000220e-01 8.391999999999999460e-01
1.584962339695441813e-01 5.215755753634488956e-01 9.427999999999999714e-01 8.429999999999999716e-01
1.890818075030092082e-01 5.632876539254504378e-01 9.287999999999999590e-01 8.326000000000000068e-01
1.350440088751195533e-01 4.875869276651893514e-01 9.544000000000000261e-01 8.479999999999999760e-01
1.760686528968587461e-01 5.359663601995876547e-01 9.392000000000000348e-01 8.367999999999999883e-01
1.683707136156623041e-01 5.241208567174735489e-01 9.388999999999999568e-01 8.374000000000000332e-01
1.779266606667286865e-01 5.314595469473575307e-01 9.318999999999999506e-01 8.332000000000000517e-01
1.648458222879065072e-01 5.368633028248099848e-01 9.361000000000000432e-01 8.399999999999999689e-01
1.811817536525205385e-01 5.573508091973413681e-01 9.302000000000000268e-01 8.367999999999999883e-01
2.043180603754551072e-01 5.680632884169229957e-01 9.235999999999999766e-01 8.332000000000000517e-01
1.737207496566595399e-01 4.886853129114379080e-01 9.344999999999999973e-01 8.404000000000000359e-01
1.315377913044603886e-01 4.766335959636137098e-01 9.566999999999999948e-01 8.484000000000000430e-01
1.323069806473478327e-01 4.871102828642395188e-01 9.538999999999999702e-01 8.501999999999999558e-01
1.703589328947378301e-01 5.360546768195968426e-01 9.367999999999999661e-01 8.399999999999999689e-01
1.675938854792846100e-01 5.404184869466053254e-01 9.345999999999999863e-01 8.489999999999999769e-01
1.504125733707052104e-01 5.186334983276000843e-01 9.471000000000000529e-01 8.419999999999999707e-01
1.602688107955787811e-01 5.401847250850999593e-01 9.377999999999999670e-01 8.449999999999999734e-01
2.064294786613473098e-01 5.477011104060904856e-01 9.254999999999999893e-01 8.304000000000000270e-01
1.411500471046801264e-01 4.959317273391270486e-01 9.499999999999999556e-01 8.479999999999999760e-01
1.331484047488397104e-01 4.871430938486330242e-01 9.566000000000000059e-01 8.471999999999999531e-01
1.341432139587979688e-01 5.068213781787542782e-01 9.543000000000000371e-01 8.427999999999999936e-01
1.369299213332248188e-01 4.934761582789389811e-01 9.523000000000000353e-01 8.489999999999999769e-01
2.193568717730891848e-01 5.863382796455429702e-01 9.161000000000000254e-01 8.266000000000000014e-01
1.343743096148881377e-01 4.942244147964790502e-01 9.528999999999999693e-01 8.424000000000000377e-01
1.411255228953068597e-01 5.221009528177770198e-01 9.514000000000000234e-01 8.439999999999999725e-01
2.286354591261172964e-01 5.424486124082412708e-01 9.094999999999999751e-01 8.269999999999999574e-01
1.405911228811812241e-01 5.047608195348101123e-01 9.519999999999999574e-01 8.481999999999999540e-01
1.657351969157179195e-01 5.332713468091535569e-01 9.382000000000000339e-01 8.429999999999999716e-01
2.095050365365465073e-01 5.712517591483907697e-01 9.155999999999999694e-01 8.294000000000000261e-01
1.482753988879475793e-01 4.969981974052811169e-01 9.473000000000000309e-01 8.464000000000000412e-01
1.475346485583379774e-01 4.955462373046355395e-01 9.479999999999999538e-01 8.451999999999999513e-01
1.493499078163375293e-01 5.257943865424531404e-01 9.468999999999999639e-01 8.404000000000000359e-01
1.524938622032185886e-01 5.025881765552743241e-01 9.444000000000000172e-01 8.464000000000000412e-01
1.514293022783874676e-01 4.735612092223902558e-01 9.493000000000000327e-01 8.451999999999999513e-01
1.351912527400872255e-01 4.913475149407315334e-01 9.526999999999999913e-01 8.474000000000000421e-01
1.821874969179030912e-01 5.527650693576132701e-01 9.322000000000000286e-01 8.307999999999999829e-01
1.783097448847204003e-01 5.261484081759688625e-01 9.325999999999999845e-01 8.399999999999999689e-01
1.644509955594100070e-01 5.482307607325402898e-01 9.382000000000000339e-01 8.404000000000000359e-01
1.986407484579973126e-01 5.592233629586244037e-01 9.254999999999999893e-01 8.252000000000000446e-01
1.307333918045954779e-01 4.807938607817232035e-01 9.535000000000000142e-01 8.474000000000000421e-01
1.924388658809722263e-01 5.351486204376044720e-01 9.286999999999999700e-01 8.366000000000000103e-01
2.038899625218450196e-01 5.604831305652252516e-01 9.221000000000000307e-01 8.336000000000000076e-01
