1.760336164904167999e+00 1.764998196542402642e+00 3.018000000000000127e-01 2.903999999999999915e-01
7.603808488921981468e-01 7.796870341358790313e-01 7.205000000000000293e-01 7.129999999999999671e-01
5.807762552106763287e-01 6.312557376891417826e-01 7.932000000000000162e-01 7.708000000000000407e-01
5.671313119480164699e-01 6.114476794534593473e-01 7.915999999999999703e-01 7.828000000000000513e-01
5.288528467862649851e-01 5.906013111698685814e-01 7.992000000000000215e-01 7.835999999999999632e-01
4.701133617885984717e-01 5.363944352570372276e-01 8.345000000000000195e-01 8.110000000000000542e-01
4.673149473956604294e-01 5.411880110878424244e-01 8.319999999999999618e-01 8.085999999999999854e-01
4.353031078608458060e-01 5.245455342069207383e-01 8.387999999999999901e-01 8.064000000000000057e-01
4.425076646535967551e-01 5.447475978796686436e-01 8.405000000000000249e-01 8.072000000000000286e-01
3.978328002362345184e-01 4.903065626151301148e-01 8.556000000000000272e-01 8.237999999999999767e-01
4.252704439310715512e-01 5.218825247294841541e-01 8.440999999999999615e-01 8.149999999999999467e-01
3.688226200280417255e-01 4.658096335085363804e-01 8.687000000000000277e-01 8.356000000000000094e-01
3.970855680095136675e-01 4.952717779837617629e-01 8.585000000000000409e-01 8.224000000000000199e-01
3.459236979680408441e-01 4.697897078449562169e-01 8.749000000000000110e-01 8.359999999999999654e-01
4.108209500637192702e-01 5.201204833727443022e-01 8.529999999999999805e-01 8.202000000000000401e-01
3.471421106714457361e-01 4.697807033267070165e-01 8.722999999999999643e-01 8.317999999999999838e-01
3.973926865486500648e-01 5.238876593772427981e-01 8.518000000000000016e-01 8.175999999999999934e-01
3.696448080632534494e-01 4.992211727470153293e-01 8.624000000000000554e-01 8.282000000000000473e-01
3.363153257958457210e-01 4.752355294719610157e-01 8.782999999999999696e-01 8.356000000000000094e-01
3.532952729006806902e-01 4.832108164929542204e-01 8.719000000000000083e-01 8.304000000000000270e-01
3.407380984113563271e-01 4.869127682425915538e-01 8.739000000000000101e-01 8.344000000000000306e-01
3.466928841490555246e-01 4.898750062662653448e-01 8.733999999999999542e-01 8.266000000000000014e-01
3.496823195881129109e-01 4.919777753406607834e-01 8.731999999999999762e-01 8.276000000000000023e-01
3.410123154213426377e-01 4.706530080103129010e-01 8.774999999999999467e-01 8.279999999999999583e-01
3.152138808893419908e-01 4.679093656001616086e-01 8.875999999999999446e-01 8.369999999999999662e-01
3.562603604800270718e-01 4.997569761599411353e-01 8.653999999999999471e-01 8.192000000000000393e-01
3.033876607556946214e-01 4.616318568951502388e-01 8.900000000000000133e-01 8.352000000000000535e-01
3.006703979401728066e-01 4.647562178404647248e-01 8.901000000000000023e-01 8.414000000000000368e-01
3.183039706324417017e-01 4.867044265061991615e-01 8.828000000000000291e-01 8.391999999999999460e-01
3.226604681469687486e-01 5.028396593555128913e-01 8.839000000000000190e-01 8.234000000000000208e-01
2.966857915019383007e-01 4.507370988072962326e-01 8.924999999999999600e-01 8.397999999999999909e-01
3.587428983166485175e-01 5.292337152734590822e-01 8.653999999999999471e-01 8.125999999999999890e-01
3.520685237143909574e-01 5.051277615912274088e-01 8.655000000000000471e-01 8.159999999999999476e-01
3.009498985952585026e-01 4.592885280495042077e-01 8.911000000000000032e-01 8.386000000000000121e-01
3.297109725819518666e-01 5.052687915549869402e-01 8.762999999999999678e-01 8.294000000000000261e-01
3.112925753428754105e-01 4.679905698384110857e-01 8.862999999999999767e-01 8.369999999999999662e-01
3.112760357614236528e-01 5.104187239218174188e-01 8.868000000000000327e-01 8.316000000000000059e-01
2.699409161023580972e-01 4.560504072896455763e-01 9.020000000000000240e-01 8.381999999999999451e-01
3.016098161710094039e-01 4.888837071226529440e-01 8.860999999999999988e-01 8.404000000000000359e-01
2.996395097257103513e-01 4.773173307543626120e-01 8.911000000000000032e-01 8.421999999999999487e-01
3.046290994610708625e-01 4.828926929775985699e-01 8.912999999999999812e-01 8.396000000000000130e-01
2.697199745676142624e-01 4.676717231114427831e-01 9.020000000000000240e-01 8.411999999999999478e-01
3.023401434695712764e-01 5.065379703517218779e-01 8.848000000000000309e-01 8.356000000000000094e-01
2.724927536125923977e-01 4.836242517054243906e-01 9.002999999999999892e-01 8.396000000000000130e-01
3.014778343891260093e-01 5.138319803194175694e-01 8.860999999999999988e-01 8.307999999999999829e-01
2.484447282428402515e-01 4.293780861673763827e-01 9.127999999999999448e-01 8.476000000000000201e-01
2.752118830685396644e-01 4.887642394400620316e-01 8.971000000000000085e-01 8.399999999999999689e-01
2.784916420243820911e-01 4.746133735169930090e-01 8.980000000000000204e-01 8.349999999999999645e-01
2.523446152783387353e-01 4.455054157138898518e-01 9.083999999999999853e-01 8.466000000000000192e-01
3.157638783117832637e-01 5.102566950926838985e-01 8.870999999999999996e-01 8.277999999999999803e-01
2.751316935559043331e-01 4.802509230286897135e-01 9.005999999999999561e-01 8.374000000000000332e-01
2.651847902725367190e-01 4.786518500674010190e-01 9.043999999999999817e-01 8.421999999999999487e-01
2.648737592118154960e-01 4.713084345559377386e-01 9.040000000000000258e-01 8.337999999999999856e-01
2.666738325437136847e-01 4.816873626646333562e-01 9.023999999999999799e-01 8.437999999999999945e-01
2.720614459346666347e-01 4.897003643348816770e-01 9.013999999999999790e-01 8.404000000000000359e-01
2.476887752426073785e-01 4.571482133810377269e-01 9.091000000000000192e-01 8.474000000000000421e-01
2.515940599146896384e-01 4.730028503332323608e-01 9.060000000000000275e-01 8.416000000000000147e-01
2.431594626897119749e-01 4.762432043482116573e-01 9.088000000000000522e-01 8.461999999999999522e-01
2.760263005284059323e-01 4.817707745976331224e-01 8.981999999999999984e-01 8.354000000000000314e-01
2.759424322186920242e-01 4.835615139167523946e-01 8.995999999999999552e-01 8.362000000000000544e-01
2.432441410301321993e-01 4.774921065019863686e-01 9.122999999999999998e-01 8.367999999999999883e-01
2.480504891983625337e-01 4.495552807602762324e-01 9.109000000000000430e-01 8.416000000000000147e-01
2.621963823826198303e-01 4.803055432933986402e-01 9.083999999999999853e-01 8.457999999999999963e-01
2.690069815206189707e-01 5.006334289028351314e-01 9.033999999999999808e-01 8.289999999999999591e-01
2.335133515611639288e-01 4.636225259277312882e-01 9.172000000000000153e-01 8.437999999999999945e-01
2.442913712732080189e-01 4.734965005653011816e-01 9.124999999999999778e-01 8.347999999999999865e-01
2.921709694928551482e-01 5.483599918004711249e-01 8.894999999999999574e-01 8.257999999999999785e-01
2.466002835937142756e-01 5.046764347998887734e-01 9.089000000000000412e-01 8.419999999999999707e-01
2.533710350130100597e-01 5.036639008408118068e-01 9.074999999999999734e-01 8.424000000000000377e-01
2.839728384105506542e-01 5.194935103492969164e-01 8.912999999999999812e-01 8.307999999999999829e-01
2.474222560402514759e-01 4.764386700101408412e-01 9.086999999999999522e-01 8.414000000000000368e-01
2.704230798427117444e-01 5.222268278304649236e-01 8.997000000000000552e-01 8.327999999999999847e-01
2.441367755843547871e-01 4.727082989331870544e-01 9.122999999999999998e-01 8.454000000000000403e-01
2.246810137306536892e-01 4.754555620280805917e-01 9.209000000000000519e-01 8.476000000000000201e-01
2.707389605789535247e-01 5.168163740176817678e-01 8.982999999999999874e-01 8.254000000000000226e-01
2.625455031894721736e-01 5.028231972069823197e-01 9.069000000000000394e-01 8.367999999999999883e-01
2.871626184853977581e-01 5.429240999976308046e-01 8.968000000000000416e-01 8.429999999999999716e-01
2.260011296907114275e-01 4.855712650387792317e-01 9.172000000000000153e-01 8.454000000000000403e-01
2.324241747232347333e-01 4.762455761787893760e-01 9.159000000000000474e-01 8.404000000000000359e-01
2.252475292256757577e-01 4.803600929944645270e-01 9.184999999999999831e-01 8.427999999999999936e-01
2.600311376974682176e-01 4.871373781298841132e-01 9.022999999999999909e-01 8.342000000000000526e-01
2.504148117318981126e-01 5.214821120144272903e-01 9.044999999999999707e-01 8.304000000000000270e-01
2.112824337103949845e-01 4.640488748269931407e-01 9.246999999999999664e-01 8.476000000000000201e-01
2.621587135598753004e-01 5.089427742513941144e-01 9.048000000000000487e-01 8.322000000000000508e-01
2.568370512786374293e-01 5.106260131327464702e-01 9.062000000000000055e-01 8.379999999999999671e-01
2.211196507379644960e-01 4.651932730352885126e-01 9.222000000000000197e-01 8.436000000000000165e-01
2.554600672759035906e-01 5.116911591969417472e-01 9.028000000000000469e-01 8.326000000000000068e-01
1.909112996864312239e-01 4.493397506317677870e-01 9.341000000000000414e-01 8.479999999999999760e-01
2.796530626624817439e-01 5.336006053013883088e-01 8.937000000000000499e-01 8.277999999999999803e-01
2.406285242112688183e-01 4.937358241695148364e-01 9.103999999999999870e-01 8.359999999999999654e-01
2.109756774107506838e-01 4.851971149341566814e-01 9.233999999999999986e-01 8.439999999999999725e-01
2.444854731963740091e-01 4.904086578591289047e-01 9.080000000000000293e-01 8.319999999999999618e-01
2.340497166984212563e-01 5.023101286099259655e-01 9.175999999999999712e-01 8.399999999999999689e-01
2.542065301702868818e-01 5.264973375836200509e-01 9.052000000000000046e-01 8.307999999999999829e-01
2.338703786860785727e-01 5.116089198339414112e-01 9.174999999999999822e-01 8.376000000000000112e-01
2.065889929578028916e-01 4.759226285286504154e-01 9.264999999999999902e-01 8.454000000000000403e-01
2.186391067808297617e-01 4.856765936648014814e-01 9.231000000000000316e-01 8.399999999999999689e-01
2.090691160469209942e-01 4.794741599890349759e-01 9.249000000000000554e-01 8.434000000000000385e-01
2.127105645508738097e-01 4.594084090937960996e-01 9.252000000000000224e-01 8.421999999999999487e-01
2.047864760470246848e-01 4.967909100417027823e-01 9.262000000000000233e-01 8.424000000000000377e-01
2.360478743036228122e-01 4.951508084265228704e-01 9.175999999999999712e-01 8.354000000000000314e-01
2.349249844076652938e-01 4.843808185569458136e-01 9.130000000000000338e-01 8.326000000000000068e-01
2.192960635775892675e-01 4.938259287687846166e-01 9.202000000000000179e-01 8.324000000000000288e-01
2.229488435429303195e-01 5.037886808605399613e-01 9.162000000000000144e-01 8.302000000000000490e-01
2.072376911593005744e-01 4.703353033786051296e-01 9.236999999999999655e-01 8.434000000000000385e-01
2.301840145958904127e-01 5.030556478392420594e-01 9.133000000000000007e-01 8.309999999999999609e-01
2.422135201794858861e-01 5.274393988401955280e-01 9.085999999999999632e-01 8.312000000000000499e-01
2.046211672870841547e-01 4.726193724798888329e-01 9.263000000000000123e-01 8.394000000000000350e-01
2.145808259307029064e-01 4.920209724439977284e-01 9.220000000000000417e-01 8.407999999999999918e-01
2.286732529291960747e-01 5.374186530505817849e-01 9.118000000000000549e-01 8.339999999999999636e-01
2.912383706337761669e-01 5.864173306526739848e-01 8.907000000000000473e-01 8.144000000000000128e-01
2.083621120990604147e-01 5.043487062532677756e-01 9.260000000000000453e-01 8.386000000000000121e-01
2.790566138847587196e-01 6.150161652146464153e-01 8.911000000000000032e-01 8.229999999999999538e-01
2.046148554930488361e-01 4.794561343997534864e-01 9.276999999999999691e-01 8.399999999999999689e-01
1.975527042868192862e-01 4.981918084984120476e-01 9.260000000000000453e-01 8.447999999999999954e-01
2.142727038242865922e-01 4.932260038028385418e-01 9.215999999999999748e-01 8.421999999999999487e-01
2.258401447038198562e-01 5.224490865182680466e-01 9.155999999999999694e-01 8.364000000000000323e-01
2.346148500225459510e-01 5.102349582349412493e-01 9.130000000000000338e-01 8.282000000000000473e-01
1.837512013867135807e-01 4.790111742113869475e-01 9.350000000000000533e-01 8.389999999999999680e-01
1.966465408342185917e-01 4.934126086365857033e-01 9.291000000000000369e-01 8.419999999999999707e-01
2.480985665639164894e-01 5.014332750526213633e-01 9.092000000000000082e-01 8.225999999999999979e-01
2.098480849776937218e-01 4.921767859339380990e-01 9.227999999999999536e-01 8.429999999999999716e-01
2.641977079645151938e-01 5.480813179059917939e-01 9.010000000000000231e-01 8.235999999999999988e-01
2.150348269638775456e-01 4.927236590495699398e-01 9.207999999999999519e-01 8.399999999999999689e-01
2.013845893597582259e-01 4.962836498557415266e-01 9.241000000000000325e-01 8.366000000000000103e-01
2.079855479101524462e-01 4.964102590614819510e-01 9.251000000000000334e-01 8.426000000000000156e-01
2.017902428204366161e-01 4.929144596108478993e-01 9.284000000000000030e-01 8.419999999999999707e-01
2.056108155457510855e-01 4.827148169211275541e-01 9.240000000000000435e-01 8.349999999999999645e-01
2.058547895865068811e-01 4.995951974859459410e-01 9.206999999999999629e-01 8.367999999999999883e-01
2.643095659100057060e-01 5.719942797703375659e-01 9.023999999999999799e-01 8.302000000000000490e-01
2.342694444369340934e-01 5.333382976209233295e-01 9.131000000000000227e-01 8.242000000000000437e-01
2.535214237053302622e-01 5.554380518381590859e-01 9.045999999999999597e-01 8.225999999999999979e-01
2.126891374121668288e-01 5.312057354778175755e-01 9.227999999999999536e-01 8.314000000000000279e-01
2.297817241983772796e-01 5.439942752475496190e-01 9.123999999999999888e-01 8.336000000000000076e-01
2.171189714254118941e-01 5.212772821694107162e-01 9.202000000000000179e-01 8.304000000000000270e-01
1.945974508871974318e-01 5.062982685414164630e-01 9.283000000000000140e-01 8.464000000000000412e-01
2.474042041310479390e-01 5.699036044501117892e-01 9.102999999999999980e-01 8.352000000000000535e-01
2.388378413073102002e-01 5.268695529371679731e-01 9.064999999999999725e-01 8.282000000000000473e-01
1.962891606816567214e-01 5.021048523714832790e-01 9.294000000000000039e-01 8.417999999999999927e-01
2.447943362697010683e-01 5.366685321494427674e-01 9.074999999999999734e-01 8.289999999999999591e-01
2.138336344259310906e-01 5.098003882777071283e-01 9.190000000000000391e-01 8.339999999999999636e-01
2.030009546039614199e-01 5.256804148896855322e-01 9.225999999999999757e-01 8.364000000000000323e-01
2.723906589227734765e-01 5.648551934122799656e-01 8.989000000000000323e-01 8.257999999999999785e-01
2.444642703966772301e-01 5.617211386774156878e-01 9.100000000000000311e-01 8.314000000000000279e-01
2.048108112777665690e-01 5.087623142568692414e-01 9.196999999999999620e-01 8.322000000000000508e-01
2.135903976330269793e-01 5.262367807456080904e-01 9.264000000000000012e-01 8.332000000000000517e-01
1.909645538933349984e-01 4.934813001750779082e-01 9.313000000000000167e-01 8.424000000000000377e-01
1.934271217410250820e-01 5.132401317243893146e-01 9.290000000000000480e-01 8.389999999999999680e-01
2.044098027944094842e-01 5.013676063179611786e-01 9.235999999999999766e-01 8.274000000000000243e-01
2.572363824283890876e-01 5.642525985008701728e-01 9.080000000000000293e-01 8.239999999999999547e-01
1.916101991134959437e-01 5.209869091378241945e-01 9.337999999999999634e-01 8.386000000000000121e-01
1.834409046108547159e-01 4.956579526971803817e-01 9.352000000000000313e-01 8.449999999999999734e-01
1.864283276591205407e-01 5.118459102127576044e-01 9.287999999999999590e-01 8.407999999999999918e-01
2.107496199110855395e-01 5.515278499971777437e-01 9.240000000000000435e-01 8.389999999999999680e-01
2.234894894745548810e-01 5.351389884826301957e-01 9.131000000000000227e-01 8.381999999999999451e-01
2.386794233073193106e-01 5.107796167515090691e-01 9.127999999999999448e-01 8.235999999999999988e-01
1.889712571803909835e-01 4.757009391846844792e-01 9.336999999999999744e-01 8.481999999999999540e-01
1.806215674153733297e-01 5.060089136997357739e-01 9.354999999999999982e-01 8.476000000000000201e-01
2.233851894066075650e-01 5.361875475333838237e-01 9.163000000000000034e-01 8.337999999999999856e-01
2.109647549801156041e-01 5.343661014663243503e-01 9.223000000000000087e-01 8.326000000000000068e-01
2.208029632783560792e-01 5.374005625385258611e-01 9.184999999999999831e-01 8.287999999999999812e-01
2.083197265681709376e-01 5.561553400851777518e-01 9.179000000000000492e-01 8.274000000000000243e-01
2.353407708757824235e-01 5.192858836251702526e-01 9.114999999999999769e-01 8.316000000000000059e-01
2.330989149182738918e-01 5.478661358567890050e-01 9.094999999999999751e-01 8.324000000000000288e-01
1.994553374732260520e-01 4.969281365049820764e-01 9.253000000000000114e-01 8.391999999999999460e-01
1.878356835088684784e-01 5.138182421362047503e-01 9.332000000000000295e-01 8.427999999999999936e-01
2.001901650501805296e-01 5.476595750922624850e-01 9.321000000000000396e-01 8.429999999999999716e-01
1.930597064618861658e-01 5.307166171336173965e-01 9.280000000000000471e-01 8.399999999999999689e-01
1.818897361108410826e-01 4.958297662396795036e-01 9.354000000000000092e-01 8.474000000000000421e-01
1.799898450154441554e-01 4.892338254803361708e-01 9.354999999999999982e-01 8.496000000000000218e-01
3.080967237784757451e-01 6.130569253035522692e-01 8.840000000000000080e-01 8.197999999999999732e-01
1.901572939724610611e-01 4.870331653916223358e-01 9.293000000000000149e-01 8.421999999999999487e-01
1.781194434666792392e-01 5.263746630752056399e-01 9.379999999999999449e-01 8.404000000000000359e-01
1.989460421423952519e-01 5.109803465607303252e-01 9.295999999999999819e-01 8.297999999999999821e-01
1.568011235336792542e-01 4.830509206940509226e-01 9.454000000000000181e-01 8.519999999999999796e-01
1.615315204758576428e-01 4.606994324372460925e-01 9.442000000000000393e-01 8.511999999999999567e-01
1.795406538280562292e-01 5.029532160040830480e-01 9.341000000000000414e-01 8.464000000000000412e-01
1.843434445517383724e-01 5.158182749260913358e-01 9.340000000000000524e-01 8.486000000000000210e-01
1.926113399844673058e-01 4.858160141665415765e-01 9.306999999999999718e-01 8.384000000000000341e-01
1.797633716731828757e-01 5.106706597222556709e-01 9.385999999999999899e-01 8.369999999999999662e-01
1.879527796109320692e-01 5.265681268974486962e-01 9.318999999999999506e-01 8.476000000000000201e-01
1.683824889557016813e-01 4.958574472961446156e-01 9.419999999999999485e-01 8.451999999999999513e-01
2.408131662942388229e-01 5.467900388164936842e-01 9.146999999999999575e-01 8.379999999999999671e-01
2.114403616811849074e-01 5.186688166173474279e-01 9.254000000000000004e-01 8.374000000000000332e-01
2.306314102541889843e-01 5.212658886177443662e-01 9.112999999999999989e-01 8.357999999999999874e-01
1.720564104905075442e-01 4.821858133687532133e-01 9.395000000000000018e-01 8.466000000000000192e-01
1.875925626219148157e-01 4.903676471168786355e-01 9.326999999999999735e-01 8.417999999999999927e-01
1.979843678819342145e-01 4.942287993263602131e-01 9.316999999999999726e-01 8.406000000000000139e-01
2.018647704859943270e-01 4.994433011837063341e-01 9.239000000000000545e-01 8.389999999999999680e-01
1.867948916800637738e-01 4.826315539503776564e-01 9.320000000000000506e-01 8.469999999999999751e-01
1.723078376760725505e-01 5.202304246029760826e-01 9.371000000000000441e-01 8.489999999999999769e-01
2.101563697973633793e-01 5.247569527420593571e-01 9.196999999999999620e-01 8.336000000000000076e-01
2.219079079479239769e-01 5.839149700035616286e-01 9.181000000000000272e-01 8.396000000000000130e-01
3.627573881948069623e-01 6.436816090437675886e-01 8.628000000000000114e-01 7.900000000000000355e-01
2.174894497211943278e-01 5.334541760322614179e-01 9.217999999999999527e-01 8.339999999999999636e-01
2.073835470311189422e-01 5.388928310567525637e-01 9.212000000000000188e-01 8.329999999999999627e-01
2.072495649608835644e-01 5.429899594997783518e-01 9.233999999999999986e-01 8.357999999999999874e-01
2.442915985436821813e-01 5.559813074305324232e-01 9.085999999999999632e-01 8.189999999999999503e-01
2.178047600391692928e-01 5.055587646502144317e-01 9.206999999999999629e-01 8.389999999999999680e-01
1.937336241778694346e-01 5.132109739989929587e-01 9.284999999999999920e-01 8.372000000000000552e-01
1.764019433149802696e-01 4.920655147708402066e-01 9.368999999999999551e-01 8.436000000000000165e-01
1.646955603909531496e-01 5.133526404400430287e-01 9.389999999999999458e-01 8.447999999999999954e-01
1.686799600161490997e-01 4.961962678019890549e-01 9.385999999999999899e-01 8.421999999999999487e-01
1.537773959522135969e-01 4.903691164343474407e-01 9.454000000000000181e-01 8.529999999999999805e-01
1.565643841429828764e-01 4.686882401029514034e-01 9.425999999999999934e-01 8.486000000000000210e-01
1.965977929991489792e-01 5.369624158713292017e-01 9.262000000000000233e-01 8.337999999999999856e-01
2.022932285303468414e-01 5.344145869438629015e-01 9.211000000000000298e-01 8.324000000000000288e-01
1.866957323971080440e-01 4.962790551164332209e-01 9.324999999999999956e-01 8.404000000000000359e-01
2.537737535795411281e-01 6.446449782990805177e-01 9.023999999999999799e-01 8.266000000000000014e-01
1.531814647958638642e-01 4.961256355156344333e-01 9.474000000000000199e-01 8.456000000000000183e-01
1.940655232041732792e-01 5.554193612686054715e-01 9.257999999999999563e-01 8.347999999999999865e-01
1.959287116211736179e-01 5.112450379703769032e-01 9.284000000000000030e-01 8.336000000000000076e-01
2.019392121207409796e-01 5.276701391765218352e-01 9.226999999999999647e-01 8.274000000000000243e-01
1.925083500663494762e-01 5.295755102929214919e-01 9.265999999999999792e-01 8.302000000000000490e-01
2.124938326767710217e-01 5.615298126828204284e-01 9.180000000000000382e-01 8.296000000000000041e-01
1.953209285177077981e-01 5.222058236103999107e-01 9.315999999999999837e-01 8.374000000000000332e-01
1.716416191719656037e-01 5.246591796040798172e-01 9.378999999999999559e-01 8.451999999999999513e-01
2.097201891295551457e-01 5.701556238992602221e-01 9.223000000000000087e-01 8.369999999999999662e-01
1.991988763047864153e-01 5.325338752734236625e-01 9.242000000000000215e-01 8.401999999999999469e-01
2.222226835764665731e-01 5.619210253715329895e-01 9.160000000000000364e-01 8.277999999999999803e-01
1.692007378089850078e-01 5.212777445627659878e-01 9.375999999999999890e-01 8.359999999999999654e-01
1.884534902029225689e-01 5.391688915845503915e-01 9.340000000000000524e-01 8.334000000000000297e-01
1.563152187109925761e-01 4.860389500198653012e-01 9.474000000000000199e-01 8.479999999999999760e-01
2.436121984967179188e-01 5.724108788288915228e-01 9.066999999999999504e-01 8.304000000000000270e-01
2.142017462330665367e-01 5.661333916409539979e-01 9.200000000000000400e-01 8.262000000000000455e-01
2.345789212789241018e-01 5.570512409127804654e-01 9.126999999999999558e-01 8.185999999999999943e-01
2.192316688801237423e-01 5.567711731917994733e-01 9.126999999999999558e-01 8.205999999999999961e-01
1.780330362860426674e-01 4.965400864282792370e-01 9.360000000000000542e-01 8.417999999999999927e-01
1.898038957461823106e-01 5.447832901976151776e-01 9.291000000000000369e-01 8.327999999999999847e-01
2.555816108898051331e-01 5.838468935458579478e-01 9.132000000000000117e-01 8.252000000000000446e-01
1.782663843013260196e-01 5.193662224881714362e-01 9.364999999999999991e-01 8.377999999999999892e-01
2.340907163920288858e-01 5.483364474434165858e-01 9.126999999999999558e-01 8.257999999999999785e-01
2.094095457131145421e-01 5.482525532734212614e-01 9.239000000000000545e-01 8.297999999999999821e-01
1.486920387083991713e-01 4.993054750429418154e-01 9.492000000000000437e-01 8.454000000000000403e-01
1.738260165603816854e-01 5.189796272224477258e-01 9.371000000000000441e-01 8.397999999999999909e-01
1.462338869003881325e-01 4.879204844791918960e-01 9.465000000000000080e-01 8.514000000000000457e-01
1.801847935367402176e-01 5.001804659528772401e-01 9.336999999999999744e-01 8.436000000000000165e-01
1.892474150338323002e-01 5.365562755244601689e-01 9.292000000000000259e-01 8.374000000000000332e-01
2.150392193737720448e-01 5.246771025559306967e-01 9.200000000000000400e-01 8.289999999999999591e-01
2.242827660402142431e-01 5.537055903352126052e-01 9.160000000000000364e-01 8.189999999999999503e-01
1.970355728365058845e-01 5.278427427425687046e-01 9.247999999999999554e-01 8.356000000000000094e-01
2.234332153205324245e-01 5.577303997408528113e-01 9.112000000000000099e-01 8.286000000000000032e-01
1.949469052648943879e-01 5.342649215064368962e-01 9.284999999999999920e-01 8.347999999999999865e-01
1.987013727766021864e-01 5.573494401680190169e-01 9.245999999999999774e-01 8.352000000000000535e-01
1.574750701099530414e-01 4.960177613385531870e-01 9.461000000000000520e-01 8.456000000000000183e-01
1.963238314474799462e-01 5.299398766207638056e-01 9.274999999999999911e-01 8.372000000000000552e-01
1.703362131139997959e-01 5.291730670428400618e-01 9.364000000000000101e-01 8.479999999999999760e-01
2.281822922376631479e-01 5.641284519506587491e-01 9.084999999999999742e-01 8.197999999999999732e-01
2.037508444699094312e-01 5.641333710261631218e-01 9.237999999999999545e-01 8.409999999999999698e-01
2.190106523663409022e-01 5.517242349587755390e-01 9.186999999999999611e-01 8.372000000000000552e-01
1.901723323204541072e-01 5.333882013910005160e-01 9.277999999999999581e-01 8.467999999999999972e-01
1.478835285627347340e-01 4.886646051141485536e-01 9.494000000000000217e-01 8.528000000000000025e-01
2.294035410950010512e-01 5.854759707128307511e-01 9.104999999999999760e-01 8.144000000000000128e-01
1.858770004418400790e-01 5.197808971690847102e-01 9.307999999999999607e-01 8.362000000000000544e-01
2.104420528285862457e-01 5.290962820347142603e-01 9.202000000000000179e-01 8.317999999999999838e-01
1.884004940700005626e-01 5.488168988454490416e-01 9.278999999999999471e-01 8.417999999999999927e-01
1.527330548272698152e-01 4.966550717367260170e-01 9.445999999999999952e-01 8.451999999999999513e-01
1.790748483552939974e-01 5.148048199193699936e-01 9.322000000000000286e-01 8.429999999999999716e-01
1.612464163483460222e-01 5.400459566329444128e-01 9.405000000000000027e-01 8.427999999999999936e-01
1.802549630503258449e-01 5.246397323760407794e-01 9.361000000000000432e-01 8.479999999999999760e-01
2.693157007264602720e-01 6.113681627505327398e-01 9.031000000000000139e-01 8.199999999999999512e-01
1.505594442924048926e-01 5.115054926331906726e-01 9.476999999999999869e-01 8.496000000000000218e-01
1.697382048916372954e-01 5.033670802223002561e-01 9.426999999999999824e-01 8.436000000000000165e-01
1.396264316292392116e-01 5.094252033064112783e-01 9.507999999999999785e-01 8.551999999999999602e-01
2.035599693866972648e-01 5.468616349974584345e-01 9.217999999999999527e-01 8.314000000000000279e-01
1.935221756940954108e-01 5.222912493445186488e-01 9.294000000000000039e-01 8.336000000000000076e-01
1.802384260286434836e-01 5.191925188221689913e-01 9.354000000000000092e-01 8.417999999999999927e-01
1.589758850180952310e-01 5.057209166843457115e-01 9.421000000000000485e-01 8.497999999999999998e-01
2.177640862627473750e-01 5.204792896467206331e-01 9.194999999999999840e-01 8.286000000000000032e-01
1.451754829879437769e-01 5.139646002702040750e-01 9.476999999999999869e-01 8.427999999999999936e-01
1.447371520726589700e-01 4.883762585613608542e-01 9.488999999999999657e-01 8.526000000000000245e-01
1.677305219680677861e-01 5.227790002643882827e-01 9.391000000000000458e-01 8.366000000000000103e-01
2.251998150781414632e-01 5.627689134641818969e-01 9.133000000000000007e-01 8.337999999999999856e-01
2.290002653579205905e-01 6.125650513195810554e-01 9.105999999999999650e-01 8.262000000000000455e-01
1.532694036469344212e-01 5.004248030431205363e-01 9.471000000000000529e-01 8.469999999999999751e-01
1.710871367536315468e-01 5.197926772864503997e-01 9.375999999999999890e-01 8.384000000000000341e-01
1.695881492179304451e-01 5.363487850711469163e-01 9.354999999999999982e-01 8.397999999999999909e-01
1.520575402197564818e-01 4.868959225529512214e-01 9.453000000000000291e-01 8.496000000000000218e-01
2.509046901515437078e-01 5.779444987954076574e-01 9.074999999999999734e-01 8.159999999999999476e-01
1.887392547984492741e-01 5.136176074626680466e-01 9.327999999999999625e-01 8.339999999999999636e-01
1.652809448205318499e-01 5.066018325287162671e-01 9.411000000000000476e-01 8.451999999999999513e-01
1.997165842194534857e-01 5.402990507144868060e-01 9.222000000000000197e-01 8.344000000000000306e-01
1.550343456309081491e-01 5.221483466526788408e-01 9.435000000000000053e-01 8.474000000000000421e-01
1.819397978467786614e-01 5.438604251740727369e-01 9.314999999999999947e-01 8.384000000000000341e-01
1.814774089952919389e-01 5.255983815225284683e-01 9.327999999999999625e-01 8.384000000000000341e-01
1.797326357458172430e-01 5.670079309321701677e-01 9.330000000000000515e-01 8.447999999999999954e-01
1.750818540342792273e-01 5.290762342321698730e-01 9.344999999999999973e-01 8.467999999999999972e-01
1.812663666196115408e-01 5.284936798170816186e-01 9.340000000000000524e-01 8.381999999999999451e-01
1.734941083976778708e-01 5.492075949486614483e-01 9.379999999999999449e-01 8.476000000000000201e-01
1.771054349055052879e-01 4.935136058658878278e-01 9.360000000000000542e-01 8.379999999999999671e-01
1.986142759788513679e-01 5.376777146879109237e-01 9.252000000000000224e-01 8.292000000000000481e-01
1.852056552261082401e-01 5.152818966399378420e-01 9.285999999999999810e-01 8.427999999999999936e-01
1.827845054008566117e-01 5.236684344399905600e-01 9.324000000000000066e-01 8.394000000000000350e-01
1.599213187807386749e-01 5.500058714386721892e-01 9.405000000000000027e-01 8.427999999999999936e-01
1.510386462749602199e-01 4.850707821932693786e-01 9.458999999999999631e-01 8.481999999999999540e-01
1.538725503509702497e-01 5.110030008714827598e-01 9.485999999999999988e-01 8.457999999999999963e-01
1.704588479473612139e-01 5.019141618109479452e-01 9.348999999999999533e-01 8.379999999999999671e-01
1.527590846713205996e-01 5.066002109690899147e-01 9.443000000000000282e-01 8.479999999999999760e-01
1.548499924208820988e-01 5.060124991868082400e-01 9.415000000000000036e-01 8.467999999999999972e-01
1.648537349233208660e-01 5.305036829228729767e-01 9.399999999999999467e-01 8.489999999999999769e-01
1.600743829173002508e-01 4.906601240408532405e-01 9.437999999999999723e-01 8.469999999999999751e-01
1.966847430751030579e-01 5.240105036628256441e-01 9.261000000000000343e-01 8.364000000000000323e-01
1.829809241980299983e-01 5.455918874889343906e-01 9.346999999999999753e-01 8.359999999999999654e-01
1.775431818577633547e-01 5.290000238433791857e-01 9.367999999999999661e-01 8.421999999999999487e-01
1.875819477448104067e-01 5.186322713817292929e-01 9.295999999999999819e-01 8.357999999999999874e-01
2.003723260481487523e-01 5.351819109870858959e-01 9.300000000000000488e-01 8.366000000000000103e-01
2.572384085845374480e-01 5.807431744908598814e-01 8.947000000000000508e-01 8.102000000000000313e-01
1.765696206680857916e-01 5.018518366581059542e-01 9.324000000000000066e-01 8.508000000000000007e-01
1.579351193220972505e-01 5.317739048139437097e-01 9.429999999999999494e-01 8.429999999999999716e-01
1.980812983552342199e-01 5.875828673077061470e-01 9.222000000000000197e-01 8.376000000000000112e-01
1.670296987176739523e-01 5.230981673974702817e-01 9.391000000000000458e-01 8.467999999999999972e-01
1.902560806583810382e-01 5.299393278734075841e-01 9.348999999999999533e-01 8.461999999999999522e-01
1.775933559692158548e-01 5.094004472729919408e-01 9.332000000000000295e-01 8.391999999999999460e-01
1.881794294605774187e-01 5.263765704298397630e-01 9.274999999999999911e-01 8.347999999999999865e-01
1.841850352029894000e-01 5.389397614474439324e-01 9.327999999999999625e-01 8.421999999999999487e-01
2.107821162185284647e-01 5.678999963084826463e-01 9.190000000000000391e-01 8.299999999999999600e-01
1.801470611959456736e-01 5.091180949655379484e-01 9.372000000000000330e-01 8.374000000000000332e-01
1.673972893496048775e-01 5.120822194012069062e-01 9.377999999999999670e-01 8.487999999999999989e-01
2.302899752081509765e-01 5.708932050410296943e-01 9.106999999999999540e-01 8.202000000000000401e-01
1.989381051288478808e-01 5.619877071094195875e-01 9.242000000000000215e-01 8.282000000000000473e-01
1.765296000183497194e-01 5.605350714357325570e-01 9.334999999999999964e-01 8.477999999999999980e-01
1.494569178531313380e-01 4.961023561446805674e-01 9.486999999999999877e-01 8.477999999999999980e-01
2.274111671332803841e-01 5.855765433264943365e-01 9.119000000000000439e-01 8.346000000000000085e-01
1.706289798114401512e-01 5.115789703019291146e-01 9.446999999999999842e-01 8.469999999999999751e-01
1.759237500496860784e-01 5.113515527043865916e-01 9.336999999999999744e-01 8.357999999999999874e-01
1.516663817413521353e-01 5.100418112949243188e-01 9.471000000000000529e-01 8.406000000000000139e-01
1.427317892455531312e-01 4.775414679994436362e-01 9.524000000000000243e-01 8.487999999999999989e-01
2.070022219202887759e-01 5.435314310148280370e-01 9.225999999999999757e-01 8.354000000000000314e-01
1.829414459071604937e-01 5.491012353890942777e-01 9.320000000000000506e-01 8.431999999999999496e-01
1.671352263283186756e-01 5.498431194276781619e-01 9.371000000000000441e-01 8.424000000000000377e-01
1.574892263905182943e-01 5.158288250048599366e-01 9.414000000000000146e-01 8.391999999999999460e-01
2.276758463197378624e-01 6.283032419168270710e-01 9.108000000000000540e-01 8.164000000000000146e-01
1.718392723271877365e-01 5.327429179183990060e-01 9.358999999999999542e-01 8.471999999999999531e-01
1.519608578543829580e-01 4.928819863337293161e-01 9.465000000000000080e-01 8.461999999999999522e-01
1.505146670252738017e-01 5.176329253999841784e-01 9.465000000000000080e-01 8.474000000000000421e-01
1.523578596460274104e-01 5.037412040213974374e-01 9.446999999999999842e-01 8.489999999999999769e-01
1.804933150651207574e-01 5.502077252355616066e-01 9.342000000000000304e-01 8.326000000000000068e-01
2.140704339099717690e-01 5.098979056370839258e-01 9.183000000000000052e-01 8.316000000000000059e-01
2.244023955888999333e-01 5.990078908890416054e-01 9.193999999999999950e-01 8.379999999999999671e-01
1.952523692153828039e-01 5.390119993298356782e-01 9.260000000000000453e-01 8.372000000000000552e-01
1.599202277092027225e-01 5.209897600386013128e-01 9.438999999999999613e-01 8.489999999999999769e-01
1.950557305253176887e-01 5.663903501410511021e-01 9.278999999999999471e-01 8.267999999999999794e-01
2.021383876400224267e-01 5.765523780609504989e-01 9.245999999999999774e-01 8.359999999999999654e-01
1.686975385538122818e-01 5.612761893158701998e-01 9.377999999999999670e-01 8.436000000000000165e-01
2.061716820307689935e-01 5.771476918031739345e-01 9.304999999999999938e-01 8.337999999999999856e-01
2.495662064255164680e-01 6.263327734035840644e-01 8.981999999999999984e-01 8.185999999999999943e-01
2.077752025667737590e-01 5.553129783118846419e-01 9.183999999999999941e-01 8.319999999999999618e-01
1.555931481808611738e-01 5.116558952807718219e-01 9.461000000000000520e-01 8.439999999999999725e-01
1.516027762023144931e-01 5.052564308556182215e-01 9.461000000000000520e-01 8.511999999999999567e-01
1.531991215073934265e-01 5.091197860075666881e-01 9.486999999999999877e-01 8.467999999999999972e-01
1.766504651306865792e-01 5.400228131720526958e-01 9.340000000000000524e-01 8.449999999999999734e-01
1.924556710342513743e-01 5.532827047143248356e-01 9.263000000000000123e-01 8.427999999999999936e-01
2.247115822516447259e-01 5.619226198872584455e-01 9.146999999999999575e-01 8.239999999999999547e-01
1.966102247663844005e-01 5.717754160754270343e-01 9.232000000000000206e-01 8.381999999999999451e-01
1.780698631227100037e-01 5.182006247930317500e-01 9.353000000000000203e-01 8.404000000000000359e-01
2.390511582418831382e-01 5.693519286461555806e-01 9.143000000000000016e-01 8.372000000000000552e-01
1.369228603675558542e-01 4.849248457196123074e-01 9.536999999999999922e-01 8.529999999999999805e-01
1.956168985600283683e-01 5.719201747278666037e-01 9.215999999999999748e-01 8.374000000000000332e-01
1.748381136304947014e-01 5.486040848895229471e-01 9.354999999999999982e-01 8.332000000000000517e-01
2.064406712416940459e-01 5.221775293464951950e-01 9.223000000000000087e-01 8.306000000000000050e-01
1.337702838482028589e-01 4.997316574949040024e-01 9.554000000000000270e-01 8.461999999999999522e-01
2.066365144113088692e-01 6.001624134722383097e-01 9.213999999999999968e-01 8.309999999999999609e-01
1.854611156405000794e-01 5.798145581330825804e-01 9.284999999999999920e-01 8.369999999999999662e-01
1.732631606408250036e-01 5.497631005705194696e-01 9.364999999999999991e-01 8.424000000000000377e-01
2.250075444698261817e-01 5.689101683008557231e-01 9.175999999999999712e-01 8.256000000000000005e-01
1.972931621158501292e-01 5.491877708629692156e-01 9.232000000000000206e-01 8.457999999999999963e-01
1.503622103458261416e-01 5.149457484946534658e-01 9.443000000000000282e-01 8.496000000000000218e-01
1.533686995101651018e-01 5.143520062591094844e-01 9.475999999999999979e-01 8.416000000000000147e-01
1.525833525788316269e-01 4.922040251119478849e-01 9.454000000000000181e-01 8.466000000000000192e-01
1.578383697265152152e-01 5.051357137532710428e-01 9.423000000000000265e-01 8.454000000000000403e-01
2.048770678989652316e-01 5.122819152133312182e-01 9.212000000000000188e-01 8.279999999999999583e-01
1.612092450501613206e-01 5.093364757603398019e-01 9.416999999999999815e-01 8.441999999999999504e-01
1.578528294905477136e-01 5.048821223246103829e-01 9.385000000000000009e-01 8.524000000000000465e-01
1.593111497892901185e-01 5.106024280849619235e-01 9.433000000000000274e-01 8.459999999999999742e-01
1.504067141691285414e-01 5.034787243249777555e-01 9.455999999999999961e-01 8.449999999999999734e-01
2.239805095517292954e-01 5.963395699537712424e-01 9.153999999999999915e-01 8.232000000000000428e-01
1.870322013588094356e-01 5.253235272023768498e-01 9.281000000000000361e-01 8.401999999999999469e-01
1.914136516572694235e-01 5.270978774355444818e-01 9.264999999999999902e-01 8.366000000000000103e-01
2.103374194132353325e-01 5.552307964803591123e-01 9.192000000000000171e-01 8.259999999999999565e-01
1.784966122497212704e-01 5.189342210571747938e-01 9.340000000000000524e-01 8.349999999999999645e-01
1.449529512939115861e-01 4.989957158360748268e-01 9.482000000000000428e-01 8.466000000000000192e-01
1.505925449434420138e-01 5.159205441534784331e-01 9.442000000000000393e-01 8.456000000000000183e-01
1.864856996318590143e-01 5.145589775794635612e-01 9.333000000000000185e-01 8.324000000000000288e-01
2.514346837680850877e-01 6.518948695543175242e-01 9.039000000000000368e-01 8.185999999999999943e-01
1.549739985540831977e-01 5.050558774584693600e-01 9.422000000000000375e-01 8.487999999999999989e-01
2.198330863950290204e-01 5.519300686609747153e-01 9.189000000000000501e-01 8.314000000000000279e-01
1.359630292472706337e-01 4.785559145893732436e-01 9.520999999999999464e-01 8.516000000000000236e-01
1.984022782850078381e-01 5.585496178896002251e-01 9.204999999999999849e-01 8.334000000000000297e-01
1.915379480150058711e-01 5.499762075946162954e-01 9.252000000000000224e-01 8.409999999999999698e-01
1.779429781084497231e-01 5.420912551589226469e-01 9.333000000000000185e-01 8.399999999999999689e-01
1.627894262027708983e-01 5.010712835031763124e-01 9.438999999999999613e-01 8.439999999999999725e-01
2.051894692485730087e-01 5.983791404370413236e-01 9.233999999999999986e-01 8.322000000000000508e-01
1.410646577526565859e-01 5.059232388276794223e-01 9.491000000000000547e-01 8.506000000000000227e-01
1.830057140651459857e-01 5.577755089950483525e-01 9.328999999999999515e-01 8.394000000000000350e-01
2.245894026129691967e-01 6.058941096413381633e-01 9.141000000000000236e-01 8.169999999999999485e-01
1.540111061629831635e-01 5.197504540087242164e-01 9.427999999999999714e-01 8.504000000000000448e-01
1.945674870853972838e-01 5.240914029755020520e-01 9.273000000000000131e-01 8.369999999999999662e-01
1.522922121010906737e-01 5.282102113544231425e-01 9.447999999999999732e-01 8.466000000000000192e-01
1.619307664540979852e-01 5.199102169445960486e-01 9.388999999999999568e-01 8.476000000000000201e-01
1.534430130759591171e-01 5.250222844341576600e-01 9.445999999999999952e-01 8.437999999999999945e-01
2.330525874985348300e-01 5.847317733476588009e-01 9.109000000000000430e-01 8.289999999999999591e-01
2.344777430295981457e-01 6.285388179540856157e-01 9.084999999999999742e-01 8.137999999999999678e-01
1.464261747280159731e-01 5.245229206877817241e-01 9.466999999999999860e-01 8.469999999999999751e-01
2.056135023041933407e-01 5.764391361259734170e-01 9.271000000000000352e-01 8.401999999999999469e-01
2.601545832280254267e-01 5.804572441372510827e-01 8.980000000000000204e-01 8.065999999999999837e-01
1.657291523947226897e-01 5.098196740084143253e-01 9.399999999999999467e-01 8.394000000000000350e-01
1.362487506521304070e-01 5.249690744032176060e-01 9.515000000000000124e-01 8.456000000000000183e-01
1.405365521940399598e-01 4.945795628844951164e-01 9.502000000000000446e-01 8.519999999999999796e-01
1.492652331194759541e-01 5.061670065239263216e-01 9.468999999999999639e-01 8.447999999999999954e-01
1.634931320809884236e-01 5.312943808830496994e-01 9.373000000000000220e-01 8.411999999999999478e-01
1.680260913633305486e-01 5.012028202769294172e-01 9.351000000000000423e-01 8.457999999999999963e-01
2.163194615889663386e-01 5.598652893076615511e-01 9.167999999999999483e-01 8.349999999999999645e-01
1.979605311747962282e-01 5.460568212703004187e-01 9.247999999999999554e-01 8.334000000000000297e-01
1.435220128449659627e-01 5.120073685403757624e-01 9.489999999999999547e-01 8.526000000000000245e-01
1.508833197080779454e-01 4.996510499058287591e-01 9.463000000000000300e-01 8.508000000000000007e-01
1.463246640968755286e-01 4.917365049046462655e-01 9.491000000000000547e-01 8.509999999999999787e-01
1.607097254549738341e-01 5.215104468523964476e-01 9.385000000000000009e-01 8.357999999999999874e-01
1.905125020151824666e-01 5.520302473386095032e-01 9.271000000000000352e-01 8.357999999999999874e-01
1.729207280828282123e-01 5.278332229654968399e-01 9.327999999999999625e-01 8.416000000000000147e-01
2.722780310403425386e-01 6.397528109692338649e-01 9.001000000000000112e-01 8.314000000000000279e-01
2.129414807664694320e-01 5.668707451884594795e-01 9.183000000000000052e-01 8.274000000000000243e-01
1.731958766510903747e-01 5.725051450051938939e-01 9.368999999999999551e-01 8.317999999999999838e-01
1.410817643194557935e-01 4.820432377803814394e-01 9.544000000000000261e-01 8.514000000000000457e-01
1.942869644061698264e-01 5.594477660691388188e-01 9.225999999999999757e-01 8.366000000000000103e-01
1.636582783089210735e-01 5.071163080991449856e-01 9.405000000000000027e-01 8.401999999999999469e-01
1.693053110207340117e-01 5.280744664282381873e-01 9.363000000000000211e-01 8.414000000000000368e-01
1.653664319145529693e-01 5.282821546841132143e-01 9.416999999999999815e-01 8.474000000000000421e-01
1.593359755649195186e-01 5.108152871147468854e-01 9.421000000000000485e-01 8.437999999999999945e-01
1.565959185894306438e-01 4.878121734270780552e-01 9.441000000000000503e-01 8.404000000000000359e-01
1.670229139277615571e-01 5.352839961276194547e-01 9.370000000000000551e-01 8.397999999999999909e-01
2.540680469599511104e-01 6.378218417223605607e-01 8.989000000000000323e-01 8.139999999999999458e-01
1.387709337173997359e-01 5.031049831224301272e-01 9.518999999999999684e-01 8.494000000000000439e-01
1.403462594875223568e-01 5.008226216270726949e-01 9.458999999999999631e-01 8.519999999999999796e-01
1.561705032685574424e-01 5.115133211511921907e-01 9.433000000000000274e-01 8.467999999999999972e-01
1.546940032166556067e-01 4.981100012535151222e-01 9.481000000000000538e-01 8.471999999999999531e-01
1.489174157409286769e-01 5.068490698716624498e-01 9.476999999999999869e-01 8.436000000000000165e-01
1.668221173935974244e-01 5.069950097253815846e-01 9.382000000000000339e-01 8.459999999999999742e-01
1.385972704278539136e-01 5.215382927303853222e-01 9.529999999999999583e-01 8.431999999999999496e-01
1.862716042174688280e-01 5.294610264153021273e-01 9.357999999999999652e-01 8.387999999999999901e-01
1.516815000888935561e-01 4.875743225027681649e-01 9.465000000000000080e-01 8.528000000000000025e-01
1.819712822319196344e-01 5.687246249641875195e-01 9.335999999999999854e-01 8.391999999999999460e-01
1.756534408504729639e-01 5.260253240995481638e-01 9.343000000000000194e-01 8.369999999999999662e-01
1.351459547266554706e-01 4.926695161812829626e-01 9.519999999999999574e-01 8.519999999999999796e-01
1.556134176648334699e-01 5.058111249209504834e-01 9.435999999999999943e-01 8.501999999999999558e-01
1.585466343276120960e-01 5.384929746679398832e-01 9.418999999999999595e-01 8.424000000000000377e-01
1.502127193821354845e-01 5.165829193031619138e-01 9.451000000000000512e-01 8.417999999999999927e-01
2.209978608841549896e-01 5.982568934513489145e-01 9.165999999999999703e-01 8.319999999999999618e-01
1.396001853116597968e-01 4.930981028122407017e-01 9.493000000000000327e-01 8.497999999999999998e-01
1.774903788024785878e-01 5.563701587485389011e-01 9.354000000000000092e-01 8.406000000000000139e-01
1.938633486023415009e-01 5.263973252945181036e-01 9.270000000000000462e-01 8.364000000000000323e-01
1.644673275329698314e-01 5.107693438148631637e-01 9.401000000000000467e-01 8.437999999999999945e-01
1.329576710890395530e-01 4.761877837682140790e-01 9.560999999999999499e-01 8.569999999999999840e-01
1.639735542682992098e-01 5.234895533883603402e-01 9.416999999999999815e-01 8.406000000000000139e-01
1.746701247774117283e-01 5.046010604502605412e-01 9.379999999999999449e-01 8.421999999999999487e-01
1.738779244691800174e-01 5.186584308311403824e-01 9.354999999999999982e-01 8.386000000000000121e-01
1.880147375573266721e-01 5.703734594018984305e-01 9.326999999999999735e-01 8.394000000000000350e-01
1.554087816376468756e-01 5.212444983945706545e-01 9.419999999999999485e-01 8.426000000000000156e-01
1.562263110120950260e-01 5.112819601269790182e-01 9.405000000000000027e-01 8.424000000000000377e-01
1.681623186807769676e-01 5.282217729125411321e-01 9.365999999999999881e-01 8.336000000000000076e-01
1.748092563983004721e-01 5.271882253470967505e-01 9.345999999999999863e-01 8.384000000000000341e-01
1.670586953661295782e-01 5.679271908911681654e-01 9.395999999999999908e-01 8.467999999999999972e-01
2.075762805882691298e-01 5.731127225930280344e-01 9.187999999999999501e-01 8.304000000000000270e-01
1.503424033412216754e-01 5.126114916776827179e-01 9.422000000000000375e-01 8.506000000000000227e-01
1.635278013303052558e-01 5.372705599552873856e-01 9.405000000000000027e-01 8.416000000000000147e-01
1.501147863725114662e-01 4.945572197442925089e-01 9.464000000000000190e-01 8.449999999999999734e-01
1.443149830318933846e-01 5.118188765209042979e-01 9.535000000000000142e-01 8.401999999999999469e-01
1.521919285909246189e-01 5.054813406864980818e-01 9.448999999999999622e-01 8.421999999999999487e-01
1.458563120905430055e-01 4.925208801982798867e-01 9.506000000000000005e-01 8.501999999999999558e-01
1.417711028388113359e-01 5.045969379443165925e-01 9.514000000000000234e-01 8.469999999999999751e-01
1.858564807143077702e-01 5.305009760800327712e-01 9.280000000000000471e-01 8.409999999999999698e-01
1.489819268669258789e-01 5.124739741827476491e-01 9.513000000000000345e-01 8.401999999999999469e-01
1.784810941450532540e-01 5.684682185263399967e-01 9.368999999999999551e-01 8.417999999999999927e-01
1.455369994491201857e-01 5.183674916258372845e-01 9.456999999999999851e-01 8.481999999999999540e-01
1.664015649664628838e-01 5.583626278668176734e-01 9.372000000000000330e-01 8.352000000000000535e-01
1.599869060917328278e-01 4.960798982350969055e-01 9.421000000000000485e-01 8.446000000000000174e-01
1.607716322231005357e-01 5.381440694863974805e-01 9.403000000000000247e-01 8.516000000000000236e-01
1.534022097105344484e-01 5.143140338713053650e-01 9.478999999999999648e-01 8.457999999999999963e-01
2.454417207947751645e-01 6.532366110726990360e-01 9.060000000000000275e-01 8.199999999999999512e-01
1.963397165328544247e-01 5.690901293378861636e-01 9.240000000000000435e-01 8.406000000000000139e-01
1.719074017083365158e-01 5.092741808577129214e-01 9.370000000000000551e-01 8.389999999999999680e-01
1.603351411962475326e-01 5.155973307583586740e-01 9.438999999999999613e-01 8.426000000000000156e-01
1.763919115160794138e-01 5.032869308505391048e-01 9.336999999999999744e-01 8.409999999999999698e-01
1.625956814593122191e-01 4.841830176640380956e-01 9.456999999999999851e-01 8.509999999999999787e-01
1.787029136843657495e-01 5.529713095502525322e-01 9.337999999999999634e-01 8.364000000000000323e-01
1.891533972319440204e-01 5.633420833231214120e-01 9.282000000000000250e-01 8.446000000000000174e-01
1.788562983992440791e-01 5.581645749909597276e-01 9.344000000000000083e-01 8.437999999999999945e-01
1.619316938640484038e-01 5.400587459515168165e-01 9.398999999999999577e-01 8.416000000000000147e-01
1.312815116059725395e-01 5.071397705623342800e-01 9.527999999999999803e-01 8.521999999999999575e-01
1.793830423091302140e-01 5.733477016360720713e-01 9.357999999999999652e-01 8.424000000000000377e-01
1.422080980494632163e-01 4.923654751926415107e-01 9.514000000000000234e-01 8.536000000000000254e-01
1.490082929170478687e-01 5.110274579938679507e-01 9.458999999999999631e-01 8.417999999999999927e-01
2.265268947740592953e-01 5.666215197723900587e-01 9.103999999999999870e-01 8.247999999999999776e-01
1.506715070480812713e-01 5.002804109089148410e-01 9.442000000000000393e-01 8.476000000000000201e-01
1.503746745183921485e-01 5.073644857357263449e-01 9.485999999999999988e-01 8.427999999999999936e-01
1.777172260023597850e-01 5.598535593981625036e-01 9.348999999999999533e-01 8.409999999999999698e-01
1.897879146134756334e-01 5.884520483135146085e-01 9.271000000000000352e-01 8.414000000000000368e-01
1.640634689806313717e-01 5.375257186800104225e-01 9.370000000000000551e-01 8.447999999999999954e-01
1.903564408649933148e-01 5.543538162273881076e-01 9.322000000000000286e-01 8.407999999999999918e-01
1.835478792048969854e-01 5.226535207579747766e-01 9.318999999999999506e-01 8.441999999999999504e-01
1.523103346213768305e-01 5.310090811347449868e-01 9.439999999999999503e-01 8.454000000000000403e-01
