1.775107321231988333e+00 1.773850890717533879e+00 2.998000000000000109e-01 3.055999999999999828e-01
8.560858599212202158e-01 8.719900767969728239e-01 6.475999999999999535e-01 6.433999999999999719e-01
6.233933630154955274e-01 6.671497742274267173e-01 7.741000000000000103e-01 7.593999999999999639e-01
5.699966631935463601e-01 6.376156104673853520e-01 7.945999999999999730e-01 7.741999999999999993e-01
5.342293284900654360e-01 5.938848499696601779e-01 8.038999999999999480e-01 7.822000000000000064e-01
4.796560299918912196e-01 5.634953835232311414e-01 8.227999999999999758e-01 7.980000000000000426e-01
4.482677167905454452e-01 5.256089843361749780e-01 8.367999999999999883e-01 8.094000000000000083e-01
4.895084410020657528e-01 5.705994215909682143e-01 8.234000000000000208e-01 7.912000000000000144e-01
4.731173199113309358e-01 5.504684396733100504e-01 8.273000000000000353e-01 8.015999999999999792e-01
3.946368676848429624e-01 4.929425320654976517e-01 8.562999999999999501e-01 8.316000000000000059e-01
4.307539461353115939e-01 5.256126147660934445e-01 8.437000000000000055e-01 8.159999999999999476e-01
3.873255113017498585e-01 4.955070176199183885e-01 8.594000000000000528e-01 8.224000000000000199e-01
3.847718806132960911e-01 4.896505682012960992e-01 8.578000000000000069e-01 8.297999999999999821e-01
3.733062125182723956e-01 4.860915499523745797e-01 8.633999999999999453e-01 8.287999999999999812e-01
3.527682178872039165e-01 4.640035871313137883e-01 8.710999999999999854e-01 8.339999999999999636e-01
3.908008356940290140e-01 5.044207495323442814e-01 8.550999999999999712e-01 8.167999999999999705e-01
3.930714596346186473e-01 5.189843613462740146e-01 8.607000000000000206e-01 8.254000000000000226e-01
3.569952046263121237e-01 4.846177171527253358e-01 8.717000000000000304e-01 8.299999999999999600e-01
3.943053762636818393e-01 5.021479637606656166e-01 8.483000000000000540e-01 8.155999999999999917e-01
3.486267317201481308e-01 4.755807554039143681e-01 8.740999999999999881e-01 8.366000000000000103e-01
3.421601664996987702e-01 4.835262073039697239e-01 8.740999999999999881e-01 8.254000000000000226e-01
3.584269100386645035e-01 4.942271941325009910e-01 8.653999999999999471e-01 8.262000000000000455e-01
3.572761794271059888e-01 5.021385055571742084e-01 8.741999999999999771e-01 8.306000000000000050e-01
3.375120738306556234e-01 4.951499778085237113e-01 8.736000000000000432e-01 8.279999999999999583e-01
3.492057811653542232e-01 4.892364359168197563e-01 8.710999999999999854e-01 8.257999999999999785e-01
3.291118422574918490e-01 4.670578254816906139e-01 8.792999999999999705e-01 8.364000000000000323e-01
3.061103469178047543e-01 4.720787690130358039e-01 8.863999999999999657e-01 8.366000000000000103e-01
3.443809851655987853e-01 5.033933333716875680e-01 8.730999999999999872e-01 8.209999999999999520e-01
3.618520192712732508e-01 5.328453400138910556e-01 8.673999999999999488e-01 8.225999999999999979e-01
3.801704453723873112e-01 5.424793451077566386e-01 8.517000000000000126e-01 8.104000000000000092e-01
3.215574344563307263e-01 4.812949800996085270e-01 8.757000000000000339e-01 8.306000000000000050e-01
3.279750563835450161e-01 4.907589892557381317e-01 8.796000000000000485e-01 8.317999999999999838e-01
3.572063418583288352e-01 5.469074894144926313e-01 8.729999999999999982e-01 8.175999999999999934e-01
2.905396562255975756e-01 4.628658736539666418e-01 8.964999999999999636e-01 8.416000000000000147e-01
3.037114111738175581e-01 4.682352295657641883e-01 8.894999999999999574e-01 8.327999999999999847e-01
2.911966702779659744e-01 4.481835964453525500e-01 8.931999999999999940e-01 8.417999999999999927e-01
2.924758044992012418e-01 4.750445102301569245e-01 8.933999999999999719e-01 8.394000000000000350e-01
3.107794885963219844e-01 5.027864442315926885e-01 8.856000000000000538e-01 8.284000000000000252e-01
3.310566425698562854e-01 4.996209453309788939e-01 8.711999999999999744e-01 8.202000000000000401e-01
3.920649426316531461e-01 5.532932959026238828e-01 8.408999999999999808e-01 8.034000000000000030e-01
3.268276222156921151e-01 5.341952744731450764e-01 8.812999999999999723e-01 8.279999999999999583e-01
2.757159663854722442e-01 4.752206969250379887e-01 8.960000000000000187e-01 8.327999999999999847e-01
2.793511923534675034e-01 4.726152268506885745e-01 8.990000000000000213e-01 8.359999999999999654e-01
2.635639921815736142e-01 4.744378804960024398e-01 9.044999999999999707e-01 8.372000000000000552e-01
2.859982952739512641e-01 4.793972141335376413e-01 8.922999999999999821e-01 8.264000000000000234e-01
2.570839215021816226e-01 4.745651635574135718e-01 9.088000000000000522e-01 8.386000000000000121e-01
2.994155654839484870e-01 5.283740543670052414e-01 8.901000000000000023e-01 8.247999999999999776e-01
2.814351639206951750e-01 4.830634063832391911e-01 8.939000000000000279e-01 8.322000000000000508e-01
2.697973548948502942e-01 4.784259333098756506e-01 8.981000000000000094e-01 8.306000000000000050e-01
2.619654018423427932e-01 4.613711970352087355e-01 9.039000000000000368e-01 8.369999999999999662e-01
2.876863344523495902e-01 4.916319508746732070e-01 8.902999999999999803e-01 8.317999999999999838e-01
2.989924371134043968e-01 5.461371494507680779e-01 8.856000000000000538e-01 8.274000000000000243e-01
2.727198930249541964e-01 4.736303793753324776e-01 9.008000000000000451e-01 8.381999999999999451e-01
2.564626594462980358e-01 4.677542552727743108e-01 9.068000000000000504e-01 8.407999999999999918e-01
2.452064400064353777e-01 4.771089584721310284e-01 9.081000000000000183e-01 8.389999999999999680e-01
2.508747366436194226e-01 4.552444653020212839e-01 9.085999999999999632e-01 8.419999999999999707e-01
2.650302090708534508e-01 4.891047516778749271e-01 9.013999999999999790e-01 8.386000000000000121e-01
2.753580846305469509e-01 4.934446974087429161e-01 8.963999999999999746e-01 8.374000000000000332e-01
3.029204300518289483e-01 5.326987754022766142e-01 8.902999999999999803e-01 8.239999999999999547e-01
2.472225419026239657e-01 4.695819143505095550e-01 9.096999999999999531e-01 8.374000000000000332e-01
3.532268946452495340e-01 5.790622246581789145e-01 8.592999999999999527e-01 7.977999999999999536e-01
2.921443582539834938e-01 5.450953331526250389e-01 8.882999999999999785e-01 8.232000000000000428e-01
2.513246670517952919e-01 4.665681723103443646e-01 9.092999999999999972e-01 8.391999999999999460e-01
2.316081180373101289e-01 4.591637862976587492e-01 9.167999999999999483e-01 8.431999999999999496e-01
2.553951000777583968e-01 4.739967643288107713e-01 9.065999999999999615e-01 8.397999999999999909e-01
2.702117612230895416e-01 4.847267172701529292e-01 8.951000000000000068e-01 8.337999999999999856e-01
2.399986114705507934e-01 4.858039360573835341e-01 9.120000000000000329e-01 8.354000000000000314e-01
2.420296626343923507e-01 4.740442543509892914e-01 9.086999999999999522e-01 8.389999999999999680e-01
2.409318901168050198e-01 4.741538261747148542e-01 9.090000000000000302e-01 8.419999999999999707e-01
3.114308841119810545e-01 5.360183509508110733e-01 8.827000000000000401e-01 8.207999999999999741e-01
2.786423308373774388e-01 5.270889590540641656e-01 8.961999999999999966e-01 8.256000000000000005e-01
2.792305755863365713e-01 5.340752932228958194e-01 8.922999999999999821e-01 8.225999999999999979e-01
2.414135187819372308e-01 4.740365851203510172e-01 9.126999999999999558e-01 8.389999999999999680e-01
2.772442310626828665e-01 5.354093549230929394e-01 8.959000000000000297e-01 8.252000000000000446e-01
2.315300326590248037e-01 4.959656573860924955e-01 9.160000000000000364e-01 8.414000000000000368e-01
2.765843287025659403e-01 5.015985821173460923e-01 8.942999999999999838e-01 8.239999999999999547e-01
2.250335504126262098e-01 4.813332320643768925e-01 9.154999999999999805e-01 8.369999999999999662e-01
2.539100210481958775e-01 5.046977869766087199e-01 9.022000000000000020e-01 8.287999999999999812e-01
2.309199292694241179e-01 4.861921809991712751e-01 9.155999999999999694e-01 8.389999999999999680e-01
2.502118750129997404e-01 5.084921936505776285e-01 9.072999999999999954e-01 8.357999999999999874e-01
2.397639482746391770e-01 4.955374359305401155e-01 9.102000000000000091e-01 8.309999999999999609e-01
2.510095210668756294e-01 4.896021372572371688e-01 9.054999999999999716e-01 8.347999999999999865e-01
2.307568001599972496e-01 5.059576109035562874e-01 9.098000000000000531e-01 8.319999999999999618e-01
2.694295572865926802e-01 5.380273809233420135e-01 8.998000000000000442e-01 8.277999999999999803e-01
2.470066319977684555e-01 5.097518608266513596e-01 9.061000000000000165e-01 8.366000000000000103e-01
2.143296680718023151e-01 4.814351638000683997e-01 9.222000000000000197e-01 8.391999999999999460e-01
2.689456159814267999e-01 5.204977016314533689e-01 8.995999999999999552e-01 8.264000000000000234e-01
3.328319080286097353e-01 6.257852670234106407e-01 8.881000000000000005e-01 8.152000000000000357e-01
2.533404668886258260e-01 5.334750727014269112e-01 9.031000000000000139e-01 8.319999999999999618e-01
3.050853512574648319e-01 6.138018575244860164e-01 8.885999999999999455e-01 8.247999999999999776e-01
2.179071299065203637e-01 5.035700086321200919e-01 9.212000000000000188e-01 8.401999999999999469e-01
2.039750085624491283e-01 4.611547583930208916e-01 9.262000000000000233e-01 8.466000000000000192e-01
2.473725938136177860e-01 5.064728194186649546e-01 9.051000000000000156e-01 8.349999999999999645e-01
2.140011870970396080e-01 4.829124005256794638e-01 9.223000000000000087e-01 8.377999999999999892e-01
2.087943928359108636e-01 4.799470746207450955e-01 9.237999999999999545e-01 8.461999999999999522e-01
2.875996493363573991e-01 5.516040320970985178e-01 8.885999999999999455e-01 8.145999999999999908e-01
2.468162323106471712e-01 5.306271694026960528e-01 9.103999999999999870e-01 8.339999999999999636e-01
2.332797598984407972e-01 5.097387445329555344e-01 9.192000000000000171e-01 8.372000000000000552e-01
2.434612692969609360e-01 5.396990622773683022e-01 9.083999999999999853e-01 8.256000000000000005e-01
2.230269920029759878e-01 4.927743074921081545e-01 9.169000000000000483e-01 8.352000000000000535e-01
2.093142425765230075e-01 5.039172290879799787e-01 9.233000000000000096e-01 8.401999999999999469e-01
2.217342932730877736e-01 5.125822042860996852e-01 9.192000000000000171e-01 8.347999999999999865e-01
2.085659330843957493e-01 4.959946674397381905e-01 9.243999999999999995e-01 8.434000000000000385e-01
2.409944366015910056e-01 5.043278049205387470e-01 9.068000000000000504e-01 8.326000000000000068e-01
2.174243157511692170e-01 5.078357375811279883e-01 9.207999999999999519e-01 8.316000000000000059e-01
2.579564311109812103e-01 5.426302547018055922e-01 9.038000000000000478e-01 8.277999999999999803e-01
2.279969700188782533e-01 4.990113372532172242e-01 9.167999999999999483e-01 8.346000000000000085e-01
2.346026742271152543e-01 5.096271432448863381e-01 9.111000000000000210e-01 8.326000000000000068e-01
2.383252026081694175e-01 5.081718283443645845e-01 9.131000000000000227e-01 8.396000000000000130e-01
2.502135631090690593e-01 5.386500711595244573e-01 9.042999999999999927e-01 8.324000000000000288e-01
2.332064247901924903e-01 5.174503975886737273e-01 9.103999999999999870e-01 8.292000000000000481e-01
2.133464522533452534e-01 4.841643264387845980e-01 9.181000000000000272e-01 8.389999999999999680e-01
2.539870867279339639e-01 5.418264139988550054e-01 9.084999999999999742e-01 8.284000000000000252e-01
2.390667968302591373e-01 5.109759005898855122e-01 9.081000000000000183e-01 8.334000000000000297e-01
2.172924935671355362e-01 4.805020920351412150e-01 9.225999999999999757e-01 8.381999999999999451e-01
2.006303028024387369e-01 5.015432209350488835e-01 9.271000000000000352e-01 8.454000000000000403e-01
1.990879749698233336e-01 4.968258793354656255e-01 9.294000000000000039e-01 8.464000000000000412e-01
2.689892523672006153e-01 5.694246366621190658e-01 9.046999999999999487e-01 8.297999999999999821e-01
2.368193269501990550e-01 5.149262562351812900e-01 9.146999999999999575e-01 8.289999999999999591e-01
2.190232671173788226e-01 5.002702832498709951e-01 9.181000000000000272e-01 8.384000000000000341e-01
2.240097456573158508e-01 5.104269033474136963e-01 9.193999999999999950e-01 8.384000000000000341e-01
2.347030132266602898e-01 5.324820844750480786e-01 9.152000000000000135e-01 8.336000000000000076e-01
2.319978044988011412e-01 5.452244197589247721e-01 9.118000000000000549e-01 8.309999999999999609e-01
1.801406422688106301e-01 4.714339702184419112e-01 9.350000000000000533e-01 8.434000000000000385e-01
2.073008392281962542e-01 4.832001571276011154e-01 9.249000000000000554e-01 8.411999999999999478e-01
2.140392641713277921e-01 4.964037630285922376e-01 9.186999999999999611e-01 8.346000000000000085e-01
2.249394187302496961e-01 5.162005199201316064e-01 9.118000000000000549e-01 8.277999999999999803e-01
2.024308277896761932e-01 5.083305325110626383e-01 9.250000000000000444e-01 8.349999999999999645e-01
1.938034198513873818e-01 4.844657977117413084e-01 9.320000000000000506e-01 8.401999999999999469e-01
1.911685811866524198e-01 4.941542042547080182e-01 9.274999999999999911e-01 8.362000000000000544e-01
3.319563310118778809e-01 6.370949570671220474e-01 8.750999999999999890e-01 8.010000000000000453e-01
2.336158557564875504e-01 4.915235322522015782e-01 9.179000000000000492e-01 8.364000000000000323e-01
2.062542000377259599e-01 5.086827943066920543e-01 9.210000000000000409e-01 8.324000000000000288e-01
2.478280770589968707e-01 5.417844986374442673e-01 9.123999999999999888e-01 8.279999999999999583e-01
2.336702795148397072e-01 5.338036350124392149e-01 9.059000000000000385e-01 8.249999999999999556e-01
2.121626285129006584e-01 5.168083780457718435e-01 9.234999999999999876e-01 8.369999999999999662e-01
2.126454944325589236e-01 5.159658171031319407e-01 9.225999999999999757e-01 8.364000000000000323e-01
2.345650714800401604e-01 5.599559005044131288e-01 9.145999999999999686e-01 8.329999999999999627e-01
2.205685054132096312e-01 5.412683915583400562e-01 9.159000000000000474e-01 8.316000000000000059e-01
2.205255231195176191e-01 4.990865841489974808e-01 9.202000000000000179e-01 8.302000000000000490e-01
2.072015991421460590e-01 5.408190105476833320e-01 9.207999999999999519e-01 8.336000000000000076e-01
1.921790049693713753e-01 4.800774662020034222e-01 9.286999999999999700e-01 8.397999999999999909e-01
2.113716730317418691e-01 5.057955300181341540e-01 9.203999999999999959e-01 8.374000000000000332e-01
2.651903294727641636e-01 5.604786515608300990e-01 8.990000000000000213e-01 8.234000000000000208e-01
2.135064822781578553e-01 5.456964921447248207e-01 9.209000000000000519e-01 8.332000000000000517e-01
2.076525208873411799e-01 5.192030451881957109e-01 9.213000000000000078e-01 8.416000000000000147e-01
1.844392917171269741e-01 4.987126923376929977e-01 9.336999999999999744e-01 8.406000000000000139e-01
2.203532910822969260e-01 5.169161221162997810e-01 9.209000000000000519e-01 8.366000000000000103e-01
2.026200911187969189e-01 5.118930894431434897e-01 9.249000000000000554e-01 8.387999999999999901e-01
2.343012225637568502e-01 5.584388677513471011e-01 9.124999999999999778e-01 8.289999999999999591e-01
1.978229744315410932e-01 4.964443704879593633e-01 9.254000000000000004e-01 8.417999999999999927e-01
1.788509183905498678e-01 4.786561408005929330e-01 9.362000000000000322e-01 8.508000000000000007e-01
1.899683055012995336e-01 4.902636300401016500e-01 9.324999999999999956e-01 8.359999999999999654e-01
1.728015154368249540e-01 4.687769051252051455e-01 9.422000000000000375e-01 8.426000000000000156e-01
1.986692526199091979e-01 4.889608446215370496e-01 9.241000000000000325e-01 8.379999999999999671e-01
1.854207453563040675e-01 5.025340513771636708e-01 9.337999999999999634e-01 8.354000000000000314e-01
2.067586706451357836e-01 4.888108356054176595e-01 9.304999999999999938e-01 8.366000000000000103e-01
2.195603649474402452e-01 4.998287756049874520e-01 9.196999999999999620e-01 8.356000000000000094e-01
1.787260198798417965e-01 4.726696933741935669e-01 9.370000000000000551e-01 8.437999999999999945e-01
1.895585023217257747e-01 5.129584803077895661e-01 9.287999999999999590e-01 8.394000000000000350e-01
2.193018458834862516e-01 5.165839351280103742e-01 9.157999999999999474e-01 8.337999999999999856e-01
2.729185122849822065e-01 5.925049297621857169e-01 8.989000000000000323e-01 8.262000000000000455e-01
2.097845102380522797e-01 5.185663374389950508e-01 9.227999999999999536e-01 8.317999999999999838e-01
2.068465785367999965e-01 5.156837971375163310e-01 9.255999999999999783e-01 8.324000000000000288e-01
2.330096733681450982e-01 5.355864712356488422e-01 9.137999999999999456e-01 8.292000000000000481e-01
2.078392111958350663e-01 5.287469056771465503e-01 9.214999999999999858e-01 8.359999999999999654e-01
3.125546489917522819e-01 6.575316899641160395e-01 8.801999999999999824e-01 8.075999999999999845e-01
1.964120690281343506e-01 5.287460820850526932e-01 9.255999999999999783e-01 8.346000000000000085e-01
2.263993462711361981e-01 5.179575373557141482e-01 9.145999999999999686e-01 8.292000000000000481e-01
2.239629797823899093e-01 5.299075433032801596e-01 9.163000000000000034e-01 8.299999999999999600e-01
2.167458759047730943e-01 5.146314022772225938e-01 9.161000000000000254e-01 8.294000000000000261e-01
1.936260041283338063e-01 5.174161363494218513e-01 9.270000000000000462e-01 8.372000000000000552e-01
1.822944280860349653e-01 5.080253423931959667e-01 9.331000000000000405e-01 8.451999999999999513e-01
2.081276993823576449e-01 5.089534537458897390e-01 9.211000000000000298e-01 8.322000000000000508e-01
2.062311467076264337e-01 5.081120382991725082e-01 9.224999999999999867e-01 8.357999999999999874e-01
1.830485370195162886e-01 4.736368565787676954e-01 9.313000000000000167e-01 8.439999999999999725e-01
1.767807760334559330e-01 4.927662781530407488e-01 9.344999999999999973e-01 8.451999999999999513e-01
2.663641786441264814e-01 5.561186078563543633e-01 8.982999999999999874e-01 8.197999999999999732e-01
2.389457114106814939e-01 5.722064824775788816e-01 9.072999999999999954e-01 8.256000000000000005e-01
2.030013714944819136e-01 5.225999743831324373e-01 9.201000000000000290e-01 8.284000000000000252e-01
1.925479128843839149e-01 4.757124366424868578e-01 9.334999999999999964e-01 8.384000000000000341e-01
2.221078216511269965e-01 5.821808877253735748e-01 9.149000000000000465e-01 8.324000000000000288e-01
1.739193344223013415e-01 4.955589692254225853e-01 9.344999999999999973e-01 8.446000000000000174e-01
2.280686239317444297e-01 5.454741477950343365e-01 9.089000000000000412e-01 8.266000000000000014e-01
1.977520437331323766e-01 5.302220459688233856e-01 9.240000000000000435e-01 8.407999999999999918e-01
2.037629020001967273e-01 5.430022252989277209e-01 9.240000000000000435e-01 8.326000000000000068e-01
1.857662163529822941e-01 5.106773442551324482e-01 9.324999999999999956e-01 8.391999999999999460e-01
1.996359904599296908e-01 4.977837446793414444e-01 9.267999999999999572e-01 8.391999999999999460e-01
1.973886398195495440e-01 5.352595276503647748e-01 9.245999999999999774e-01 8.444000000000000394e-01
1.910136952740060234e-01 5.116823361061778597e-01 9.274000000000000021e-01 8.454000000000000403e-01
1.937271264783538283e-01 5.090666284379276041e-01 9.273000000000000131e-01 8.356000000000000094e-01
1.837687760318870989e-01 4.803266009991223884e-01 9.320000000000000506e-01 8.391999999999999460e-01
2.152421930742573764e-01 5.613769375718953292e-01 9.225999999999999757e-01 8.329999999999999627e-01
1.989978210793463820e-01 5.095470548230931485e-01 9.258999999999999453e-01 8.377999999999999892e-01
1.809477850435358970e-01 4.727236860760170023e-01 9.336999999999999744e-01 8.377999999999999892e-01
1.882165890740849779e-01 4.983127334423952393e-01 9.285999999999999810e-01 8.467999999999999972e-01
2.199997856506822613e-01 5.312185334526958735e-01 9.191000000000000281e-01 8.359999999999999654e-01
1.890421823098131227e-01 5.255458506799952634e-01 9.306999999999999718e-01 8.359999999999999654e-01
1.962177307686278904e-01 5.303201670203573359e-01 9.263000000000000123e-01 8.394000000000000350e-01
1.903969868927024300e-01 5.031878310203645732e-01 9.313000000000000167e-01 8.416000000000000147e-01
2.343222901289811477e-01 5.486821427930064221e-01 9.090000000000000302e-01 8.225999999999999979e-01
1.838519078579138877e-01 4.935099787992091591e-01 9.331000000000000405e-01 8.411999999999999478e-01
2.013860101762828536e-01 5.309552107549238009e-01 9.249000000000000554e-01 8.384000000000000341e-01
1.912208109019496172e-01 5.326959431863548255e-01 9.273000000000000131e-01 8.396000000000000130e-01
1.970559914098224119e-01 5.346971608931992970e-01 9.254000000000000004e-01 8.364000000000000323e-01
2.646559504037232502e-01 5.664565503572406291e-01 8.980000000000000204e-01 8.235999999999999988e-01
2.499909109449175160e-01 6.027044925902731443e-01 9.032999999999999918e-01 8.122000000000000330e-01
1.736095960325194365e-01 4.951428754984067426e-01 9.386999999999999789e-01 8.364000000000000323e-01
2.289746613488985172e-01 5.056804025402512615e-01 9.135999999999999677e-01 8.289999999999999591e-01
1.988221668766585737e-01 5.010517087198991248e-01 9.263000000000000123e-01 8.381999999999999451e-01
2.373480436717244624e-01 5.358590657598466533e-01 9.085999999999999632e-01 8.204000000000000181e-01
1.685916890852710293e-01 4.895148528340667049e-01 9.395999999999999908e-01 8.444000000000000394e-01
2.289638900587451231e-01 5.276405997784758828e-01 9.129000000000000448e-01 8.299999999999999600e-01
3.155970668464121442e-01 6.496360305057961027e-01 8.768000000000000238e-01 8.037999999999999590e-01
2.587279038588290447e-01 6.001375421615956496e-01 9.025999999999999579e-01 8.122000000000000330e-01
1.835292305662149515e-01 5.475477217060312762e-01 9.314000000000000057e-01 8.364000000000000323e-01
2.033552676131650805e-01 5.157362138444829824e-01 9.205999999999999739e-01 8.354000000000000314e-01
1.723701437198683906e-01 4.759861533187910165e-01 9.404000000000000137e-01 8.456000000000000183e-01
2.182775534323909694e-01 5.648250914664251221e-01 9.154999999999999805e-01 8.287999999999999812e-01
2.037506201806510986e-01 5.148495630803309187e-01 9.244999999999999885e-01 8.352000000000000535e-01
1.724053342430286739e-01 4.934679737900247165e-01 9.378999999999999559e-01 8.441999999999999504e-01
2.255501272387325229e-01 5.263087314710265252e-01 9.163000000000000034e-01 8.272000000000000464e-01
2.176122487372043890e-01 5.455659539024257931e-01 9.177999999999999492e-01 8.254000000000000226e-01
1.614645181138888719e-01 4.886892574153715030e-01 9.435999999999999943e-01 8.471999999999999531e-01
1.831930251631339601e-01 5.221461226590932148e-01 9.274000000000000021e-01 8.376000000000000112e-01
1.639945933575223114e-01 4.776474185286518903e-01 9.424000000000000155e-01 8.456000000000000183e-01
1.608739427177661718e-01 4.723518939164925712e-01 9.443000000000000282e-01 8.439999999999999725e-01
1.849228694357996083e-01 4.957103410476670358e-01 9.328999999999999515e-01 8.409999999999999698e-01
1.618200763929482366e-01 4.908694840650083546e-01 9.441000000000000503e-01 8.436000000000000165e-01
2.113169806875458689e-01 5.573156006221849923e-01 9.211000000000000298e-01 8.267999999999999794e-01
2.285420214043660525e-01 5.358561116460794915e-01 9.127999999999999448e-01 8.284000000000000252e-01
2.232063553860384186e-01 5.562363416473899980e-01 9.125999999999999668e-01 8.297999999999999821e-01
2.714376465961694795e-01 5.589975303387519912e-01 9.011000000000000121e-01 8.164000000000000146e-01
1.867472461880823054e-01 5.088372864706433019e-01 9.323000000000000176e-01 8.387999999999999901e-01
2.217527320304649163e-01 5.371053853417462332e-01 9.116999999999999549e-01 8.364000000000000323e-01
1.872168631552589557e-01 5.453416883027094597e-01 9.268999999999999462e-01 8.376000000000000112e-01
1.711418504327680556e-01 5.205767648706428607e-01 9.370000000000000551e-01 8.387999999999999901e-01
2.373096947192125661e-01 5.462796350161043257e-01 9.109000000000000430e-01 8.277999999999999803e-01
1.867424566703615729e-01 5.100683623215057638e-01 9.331000000000000405e-01 8.396000000000000130e-01
1.840658124249147098e-01 4.785245323420863062e-01 9.360000000000000542e-01 8.446000000000000174e-01
1.660211791971249184e-01 4.875285489345573264e-01 9.405999999999999917e-01 8.414000000000000368e-01
2.150499757169659354e-01 5.379927651527074417e-01 9.177999999999999492e-01 8.272000000000000464e-01
2.364436401557672984e-01 5.593968184464570559e-01 9.026999999999999469e-01 8.244000000000000217e-01
1.906837537106344516e-01 4.897677219528894788e-01 9.284999999999999920e-01 8.386000000000000121e-01
1.653901725496962627e-01 5.038616244173940162e-01 9.385000000000000009e-01 8.486000000000000210e-01
1.726493425110539326e-01 5.163707541988747929e-01 9.383000000000000229e-01 8.451999999999999513e-01
1.834688107415674840e-01 5.091619220693138770e-01 9.352000000000000313e-01 8.381999999999999451e-01
1.760965439163032220e-01 4.824655048383841849e-01 9.360000000000000542e-01 8.456000000000000183e-01
1.848761901192498558e-01 5.183825473182361865e-01 9.292000000000000259e-01 8.379999999999999671e-01
2.318779962425314700e-01 5.716977774681805125e-01 9.105999999999999650e-01 8.199999999999999512e-01
1.756139254494799018e-01 4.916199270427465406e-01 9.355999999999999872e-01 8.414000000000000368e-01
1.983854255504639563e-01 5.076709959485786738e-01 9.230000000000000426e-01 8.346000000000000085e-01
1.785880957708967376e-01 5.250461355703568422e-01 9.344000000000000083e-01 8.446000000000000174e-01
1.995417049756207373e-01 5.146867550359082166e-01 9.271000000000000352e-01 8.409999999999999698e-01
1.510869943084734712e-01 4.989720633004428030e-01 9.456999999999999851e-01 8.439999999999999725e-01
2.649635222646480326e-01 5.937198115604612747e-01 8.987000000000000544e-01 8.037999999999999590e-01
2.021664296703863106e-01 5.445268016671948041e-01 9.225999999999999757e-01 8.374000000000000332e-01
1.760721806486602314e-01 4.850900278744017524e-01 9.354000000000000092e-01 8.429999999999999716e-01
2.008312466559516452e-01 5.492568190685346297e-01 9.258999999999999453e-01 8.284000000000000252e-01
1.800120274421464217e-01 5.084525222350364526e-01 9.334999999999999964e-01 8.431999999999999496e-01
1.907216204679706706e-01 5.099377634590939179e-01 9.293000000000000149e-01 8.381999999999999451e-01
1.943944485138264233e-01 5.435573705248590848e-01 9.244999999999999885e-01 8.404000000000000359e-01
2.429075606759652506e-01 5.400318597670198395e-01 9.091000000000000192e-01 8.286000000000000032e-01
1.662005327826867884e-01 4.923638622324917336e-01 9.392000000000000348e-01 8.421999999999999487e-01
1.626077218717337791e-01 4.862879778613439230e-01 9.425000000000000044e-01 8.427999999999999936e-01
1.584888929760484566e-01 4.913523475484897207e-01 9.417999999999999705e-01 8.504000000000000448e-01
2.078645717399416615e-01 5.488873785403086680e-01 9.213000000000000078e-01 8.377999999999999892e-01
2.969584015228178275e-01 6.346607258621719261e-01 8.824999999999999512e-01 8.132000000000000339e-01
1.978401261139588196e-01 5.494223699598198563e-01 9.232000000000000206e-01 8.364000000000000323e-01
2.925626186075643287e-01 6.219500443946942569e-01 8.907000000000000473e-01 8.067999999999999616e-01
2.304271292008966965e-01 5.500608743110415588e-01 9.126999999999999558e-01 8.222000000000000419e-01
1.700425807878474249e-01 5.197631683339574149e-01 9.382000000000000339e-01 8.409999999999999698e-01
2.530753508915702943e-01 5.891249452732867375e-01 9.033999999999999808e-01 8.189999999999999503e-01
2.354350137629517004e-01 5.881185858138784361e-01 9.122000000000000108e-01 8.259999999999999565e-01
1.670208137711183538e-01 4.965301702114607862e-01 9.393000000000000238e-01 8.471999999999999531e-01
1.881654276906272460e-01 5.185160560708323985e-01 9.290000000000000480e-01 8.407999999999999918e-01
1.553043444741424861e-01 4.634367553825332053e-01 9.464000000000000190e-01 8.464000000000000412e-01
1.610573418905349163e-01 4.910994908242330981e-01 9.415999999999999925e-01 8.466000000000000192e-01
2.026981407296533366e-01 5.151430807848278448e-01 9.224999999999999867e-01 8.377999999999999892e-01
1.933737227948787996e-01 5.035370939782370936e-01 9.274999999999999911e-01 8.427999999999999936e-01
1.876460064771972580e-01 4.793522092324368766e-01 9.318999999999999506e-01 8.404000000000000359e-01
1.708002313656643290e-01 5.051305507208472267e-01 9.377999999999999670e-01 8.431999999999999496e-01
2.848537754972075842e-01 6.095882502712416384e-01 8.833999999999999631e-01 8.105999999999999872e-01
1.558308396053757761e-01 4.989231267909965961e-01 9.437999999999999723e-01 8.491999999999999549e-01
1.614065627970587558e-01 5.139501275575946160e-01 9.396999999999999797e-01 8.416000000000000147e-01
2.094989574485600636e-01 5.616135789016133417e-01 9.244999999999999885e-01 8.259999999999999565e-01
1.813134020464269580e-01 5.055997975569310743e-01 9.353000000000000203e-01 8.414000000000000368e-01
2.041134376940496042e-01 5.024727756599368655e-01 9.255999999999999783e-01 8.292000000000000481e-01
2.143794806400639019e-01 5.398141544357797361e-01 9.183000000000000052e-01 8.297999999999999821e-01
1.671777403957507568e-01 5.142212384377520262e-01 9.370000000000000551e-01 8.336000000000000076e-01
1.830003444363907383e-01 4.995004949469555866e-01 9.351000000000000423e-01 8.381999999999999451e-01
1.598101149523385167e-01 5.066874834722622234e-01 9.422000000000000375e-01 8.436000000000000165e-01
2.360766906674361398e-01 5.563374824526018392e-01 9.123999999999999888e-01 8.266000000000000014e-01
2.002673628204430512e-01 5.178715046972938163e-01 9.331000000000000405e-01 8.337999999999999856e-01
1.849465899953997572e-01 5.154524761987787640e-01 9.313000000000000167e-01 8.344000000000000306e-01
1.882522284942361179e-01 5.172543032585663614e-01 9.275999999999999801e-01 8.367999999999999883e-01
1.806702702399365923e-01 5.116114919131605765e-01 9.330000000000000515e-01 8.391999999999999460e-01
1.802450494190664665e-01 5.247181249106767087e-01 9.297999999999999599e-01 8.434000000000000385e-01
2.227008530680629483e-01 5.471177204662696081e-01 9.142000000000000126e-01 8.247999999999999776e-01
1.861513933959961509e-01 5.326861675839319465e-01 9.311000000000000387e-01 8.384000000000000341e-01
2.062739584936955362e-01 5.648604184663872374e-01 9.216999999999999638e-01 8.394000000000000350e-01
1.702728394687519908e-01 5.155979411894586750e-01 9.371000000000000441e-01 8.372000000000000552e-01
2.015339039382643138e-01 5.208236039942192308e-01 9.240000000000000435e-01 8.454000000000000403e-01
1.851293429578849681e-01 5.412367360033472075e-01 9.290000000000000480e-01 8.312000000000000499e-01
1.672728980169907176e-01 5.122508913124951269e-01 9.358999999999999542e-01 8.377999999999999892e-01
1.883690642793801884e-01 5.242092227190682241e-01 9.306999999999999718e-01 8.357999999999999874e-01
1.567477577670808031e-01 5.040794701779004461e-01 9.415999999999999925e-01 8.357999999999999874e-01
1.893609241865641668e-01 5.562217503085614689e-01 9.292000000000000259e-01 8.449999999999999734e-01
2.087650271743453356e-01 5.574267582646842412e-01 9.183000000000000052e-01 8.199999999999999512e-01
3.110343316543169867e-01 6.586920014186230521e-01 8.771999999999999797e-01 8.137999999999999678e-01
2.083743145165272703e-01 5.276475735027323921e-01 9.203999999999999959e-01 8.297999999999999821e-01
2.208828817506610365e-01 5.455841407841331980e-01 9.153999999999999915e-01 8.282000000000000473e-01
2.103797838971180334e-01 5.882218824006275604e-01 9.183999999999999941e-01 8.287999999999999812e-01
1.757033327314799498e-01 5.216333758977504953e-01 9.343000000000000194e-01 8.427999999999999936e-01
1.970305565169576667e-01 5.221731693044412426e-01 9.280000000000000471e-01 8.349999999999999645e-01
2.066158182082419581e-01 5.002455820814506460e-01 9.230000000000000426e-01 8.357999999999999874e-01
1.707939425787534660e-01 5.286690770095565650e-01 9.396999999999999797e-01 8.389999999999999680e-01
2.176961764858679482e-01 5.475166237009563286e-01 9.167999999999999483e-01 8.282000000000000473e-01
1.684522495229913153e-01 5.317523739715065423e-01 9.345999999999999863e-01 8.431999999999999496e-01
2.165770525739681984e-01 5.674085301201402531e-01 9.193000000000000060e-01 8.347999999999999865e-01
1.780040200590316257e-01 5.078376261317245621e-01 9.314999999999999947e-01 8.364000000000000323e-01
1.921592928565171166e-01 5.181177236133606145e-01 9.261000000000000343e-01 8.381999999999999451e-01
2.429099466873770874e-01 5.685415090213916667e-01 9.143000000000000016e-01 8.334000000000000297e-01
1.680863423841196524e-01 5.142954643127344294e-01 9.373000000000000220e-01 8.441999999999999504e-01
1.708097655020368866e-01 4.992958460184011571e-01 9.379999999999999449e-01 8.416000000000000147e-01
1.824510483533896554e-01 5.209782532436116886e-01 9.314000000000000057e-01 8.417999999999999927e-01
1.540289055482396419e-01 5.015254151189164622e-01 9.455999999999999961e-01 8.504000000000000448e-01
1.756706669007041810e-01 5.393584832433352405e-01 9.347999999999999643e-01 8.329999999999999627e-01
1.527638473855772450e-01 4.939001663879349358e-01 9.477999999999999758e-01 8.414000000000000368e-01
2.210774783205483873e-01 5.512854765336363538e-01 9.152000000000000135e-01 8.244000000000000217e-01
2.909269640747848551e-01 6.294523890287028189e-01 8.918000000000000371e-01 8.179999999999999494e-01
1.721636590608076889e-01 5.203275761364195562e-01 9.373000000000000220e-01 8.449999999999999734e-01
1.937070955345861489e-01 5.626082461503675303e-01 9.266999999999999682e-01 8.356000000000000094e-01
1.789195828323021931e-01 5.285996489601008097e-01 9.331000000000000405e-01 8.376000000000000112e-01
1.662384404060000820e-01 4.960501900166178757e-01 9.415000000000000036e-01 8.429999999999999716e-01
1.537438566393704575e-01 4.989889067581994575e-01 9.429999999999999494e-01 8.419999999999999707e-01
1.595372377672732156e-01 4.970415310304375223e-01 9.431000000000000494e-01 8.417999999999999927e-01
1.765795778748613098e-01 5.070502110612249425e-01 9.358999999999999542e-01 8.379999999999999671e-01
1.730354142913267390e-01 5.228832541875669815e-01 9.344000000000000083e-01 8.354000000000000314e-01
2.040926239712837764e-01 5.056934103840058370e-01 9.246999999999999664e-01 8.309999999999999609e-01
1.966545280574870103e-01 5.228994671658869775e-01 9.304000000000000048e-01 8.267999999999999794e-01
1.577097548551903428e-01 4.767381427194175569e-01 9.458999999999999631e-01 8.477999999999999980e-01
1.861143867147930786e-01 4.818708056565905173e-01 9.311000000000000387e-01 8.447999999999999954e-01
1.725961357981053990e-01 4.876268824322234630e-01 9.379999999999999449e-01 8.444000000000000394e-01
1.725469607852485321e-01 5.106173826867861365e-01 9.371000000000000441e-01 8.324000000000000288e-01
1.573466566334571215e-01 5.043503866731016139e-01 9.425999999999999934e-01 8.372000000000000552e-01
1.691637321108637459e-01 5.210442001879452834e-01 9.365999999999999881e-01 8.416000000000000147e-01
1.878468041683883649e-01 5.206326441363340329e-01 9.293000000000000149e-01 8.367999999999999883e-01
1.483147974849818307e-01 5.023192471670544501e-01 9.471000000000000529e-01 8.439999999999999725e-01
1.719565640370455950e-01 5.238490403959635833e-01 9.350000000000000533e-01 8.377999999999999892e-01
1.816030675162487174e-01 5.046687056000324079e-01 9.315999999999999837e-01 8.354000000000000314e-01
2.225913617677832135e-01 5.622422244488883836e-01 9.140000000000000346e-01 8.312000000000000499e-01
1.823862412410268419e-01 5.113732130419788025e-01 9.322000000000000286e-01 8.326000000000000068e-01
1.685520572162504671e-01 5.256326562826401094e-01 9.385000000000000009e-01 8.329999999999999627e-01
2.173317824630005834e-01 5.817647985888680928e-01 9.109000000000000430e-01 8.239999999999999547e-01
2.097989942274443853e-01 5.651490832894829897e-01 9.220000000000000417e-01 8.334000000000000297e-01
1.542750300119165585e-01 5.098817350541939852e-01 9.436999999999999833e-01 8.414000000000000368e-01
1.631523906798760526e-01 4.799786258901382330e-01 9.428999999999999604e-01 8.446000000000000174e-01
2.107689133556991112e-01 5.647887451612775278e-01 9.205999999999999739e-01 8.284000000000000252e-01
2.609889271197283200e-01 6.189296784114909356e-01 9.001000000000000112e-01 8.175999999999999934e-01
1.533081392877875537e-01 5.027237626197167408e-01 9.425000000000000044e-01 8.456000000000000183e-01
1.898740899822161377e-01 5.305073600957795898e-01 9.285999999999999810e-01 8.312000000000000499e-01
2.228631279394464870e-01 5.891946267265039117e-01 9.143999999999999906e-01 8.235999999999999988e-01
1.750573385183119279e-01 5.234776988853695467e-01 9.356999999999999762e-01 8.372000000000000552e-01
1.767370395226330049e-01 5.139257408153740103e-01 9.375999999999999890e-01 8.431999999999999496e-01
1.586796384135176208e-01 5.097524525239656157e-01 9.404000000000000137e-01 8.409999999999999698e-01
2.011448206394812477e-01 5.512346580364776427e-01 9.224999999999999867e-01 8.357999999999999874e-01
1.618573535625304760e-01 5.149455037680416014e-01 9.409999999999999476e-01 8.364000000000000323e-01
1.960850491080464997e-01 5.269000677656822118e-01 9.290000000000000480e-01 8.319999999999999618e-01
1.754329482912470317e-01 5.336000268212914843e-01 9.331000000000000405e-01 8.384000000000000341e-01
2.114379476726006846e-01 5.373869764303239593e-01 9.175999999999999712e-01 8.327999999999999847e-01
1.789345748987603568e-01 5.073632645346216608e-01 9.334999999999999964e-01 8.349999999999999645e-01
1.432769927949523181e-01 4.907347348166077872e-01 9.479999999999999538e-01 8.471999999999999531e-01
1.701467156423433491e-01 5.102393966165965633e-01 9.382000000000000339e-01 8.457999999999999963e-01
1.617328489945497605e-01 5.109119892796561979e-01 9.401000000000000467e-01 8.429999999999999716e-01
2.008269608557434471e-01 5.194064407803296035e-01 9.258999999999999453e-01 8.332000000000000517e-01
1.766671636798232692e-01 4.966125086087544438e-01 9.341000000000000414e-01 8.372000000000000552e-01
1.505870940488388543e-01 5.014792176248190625e-01 9.428999999999999604e-01 8.397999999999999909e-01
1.614729861578425296e-01 5.068571392179217483e-01 9.424000000000000155e-01 8.394000000000000350e-01
1.994857871427093421e-01 5.760446633184966858e-01 9.194999999999999840e-01 8.259999999999999565e-01
1.865419432797031374e-01 5.366089303487949769e-01 9.315999999999999837e-01 8.347999999999999865e-01
1.726130771561373012e-01 5.160111625416305969e-01 9.377999999999999670e-01 8.424000000000000377e-01
2.125553137150467953e-01 5.633312960519075707e-01 9.183000000000000052e-01 8.282000000000000473e-01
2.003881749925931766e-01 5.338161247928336905e-01 9.260000000000000453e-01 8.332000000000000517e-01
1.766247679477276622e-01 5.220654379790506949e-01 9.364999999999999991e-01 8.407999999999999918e-01
1.690905085252807361e-01 5.154359474154205367e-01 9.373000000000000220e-01 8.409999999999999698e-01
1.498638950289136185e-01 4.844667680214670424e-01 9.439999999999999503e-01 8.489999999999999769e-01
1.718802914943964311e-01 5.224250810595235661e-01 9.348999999999999533e-01 8.354000000000000314e-01
2.186466501953885089e-01 5.584089058695315133e-01 9.121000000000000218e-01 8.194000000000000172e-01
2.159282283744051179e-01 5.559451330943205871e-01 9.147999999999999465e-01 8.317999999999999838e-01
2.176600560801786322e-01 5.523298790756083765e-01 9.174999999999999822e-01 8.256000000000000005e-01
1.703074623835437174e-01 5.203009012032127067e-01 9.381000000000000449e-01 8.356000000000000094e-01
1.505378616022159111e-01 5.172778226764073173e-01 9.455999999999999961e-01 8.457999999999999963e-01
2.096207877736262493e-01 5.670595134165611340e-01 9.193000000000000060e-01 8.327999999999999847e-01
1.912716908336862254e-01 5.131755997717184492e-01 9.281000000000000361e-01 8.372000000000000552e-01
1.851827776110904766e-01 5.267806777363754911e-01 9.284000000000000030e-01 8.314000000000000279e-01
1.632954041182428928e-01 5.190498484074256291e-01 9.405000000000000027e-01 8.349999999999999645e-01
1.543462307768072028e-01 5.251498422200153726e-01 9.469999999999999529e-01 8.421999999999999487e-01
2.045505445388959564e-01 5.871666205637658953e-01 9.169000000000000483e-01 8.344000000000000306e-01
1.603660775495551749e-01 4.909219957029539727e-01 9.445000000000000062e-01 8.454000000000000403e-01
1.664401586787513654e-01 5.407439319762734620e-01 9.378999999999999559e-01 8.396000000000000130e-01
1.971322580325167162e-01 5.429483908123665659e-01 9.257999999999999563e-01 8.267999999999999794e-01
2.086903162289980296e-01 5.243911764747788418e-01 9.212000000000000188e-01 8.299999999999999600e-01
1.798846174876532200e-01 5.268090926367920979e-01 9.341000000000000414e-01 8.366000000000000103e-01
1.664156511856308140e-01 5.153155647121285821e-01 9.367999999999999661e-01 8.391999999999999460e-01
2.308748349660914856e-01 5.959919521200015557e-01 9.046999999999999487e-01 8.184000000000000163e-01
1.758164825995865710e-01 5.254992617090075147e-01 9.341000000000000414e-01 8.362000000000000544e-01
2.003001081805673156e-01 5.122661695277923588e-01 9.273000000000000131e-01 8.367999999999999883e-01
2.293399722991832368e-01 5.448008659737187953e-01 9.096999999999999531e-01 8.207999999999999741e-01
1.631998817991153206e-01 5.282036219954757694e-01 9.394000000000000128e-01 8.404000000000000359e-01
1.612220457041605159e-01 5.069292108050225121e-01 9.385000000000000009e-01 8.372000000000000552e-01
2.237605742579351908e-01 5.329589451488931928e-01 9.171000000000000263e-01 8.247999999999999776e-01
2.149518696122922068e-01 5.857484638936045762e-01 9.223000000000000087e-01 8.267999999999999794e-01
2.201857204400840262e-01 5.742403808976377366e-01 9.175999999999999712e-01 8.362000000000000544e-01
1.747785853345558416e-01 5.376742227771869054e-01 9.363000000000000211e-01 8.349999999999999645e-01
1.458054751921206982e-01 5.125431288297223054e-01 9.492000000000000437e-01 8.406000000000000139e-01
1.578968641937873729e-01 5.001610079406746401e-01 9.429999999999999494e-01 8.486000000000000210e-01
1.652329082059298682e-01 5.298655501357243391e-01 9.361000000000000432e-01 8.344000000000000306e-01
2.072264125758229991e-01 5.626432024270469068e-01 9.167999999999999483e-01 8.332000000000000517e-01
1.929571503877192395e-01 5.693681851030261143e-01 9.233999999999999986e-01 8.296000000000000041e-01
1.699887283759292378e-01 4.982504059792403628e-01 9.356999999999999762e-01 8.376000000000000112e-01
1.499038952569206329e-01 4.899872068975381079e-01 9.465999999999999970e-01 8.519999999999999796e-01
2.507229416337001249e-01 6.026034112856721858e-01 8.994999999999999662e-01 8.165999999999999925e-01
1.586532019065756416e-01 5.203867103184691700e-01 9.434000000000000163e-01 8.421999999999999487e-01
1.413685339470637792e-01 4.899090149730771504e-01 9.498999999999999666e-01 8.491999999999999549e-01
1.796241637454744633e-01 5.514282824538815353e-01 9.342000000000000304e-01 8.421999999999999487e-01
1.540968564447895983e-01 5.199496504588770884e-01 9.429999999999999494e-01 8.441999999999999504e-01
1.643443360832341216e-01 5.384999387416468108e-01 9.384000000000000119e-01 8.411999999999999478e-01
2.541644586738248113e-01 6.308779808750348828e-01 9.032999999999999918e-01 8.144000000000000128e-01
1.594468231589933616e-01 5.144113470518499875e-01 9.428999999999999604e-01 8.421999999999999487e-01
1.782028391764452768e-01 5.401644591443930388e-01 9.324000000000000066e-01 8.421999999999999487e-01
1.437170118200264690e-01 4.859683639489722484e-01 9.515000000000000124e-01 8.439999999999999725e-01
1.746166959036304089e-01 5.202870193630039219e-01 9.346999999999999753e-01 8.349999999999999645e-01
1.593542215427712627e-01 5.003027549520234762e-01 9.404000000000000137e-01 8.494000000000000439e-01
1.673944315502834679e-01 5.136923708203788852e-01 9.383000000000000229e-01 8.441999999999999504e-01
2.054568082135651286e-01 5.310555003437998911e-01 9.226999999999999647e-01 8.274000000000000243e-01
1.445659047538576103e-01 5.042981932362092801e-01 9.459999999999999520e-01 8.439999999999999725e-01
1.694484602787107996e-01 5.149413269521553316e-01 9.391000000000000458e-01 8.437999999999999945e-01
1.532911786460885994e-01 5.128020619591626694e-01 9.403000000000000247e-01 8.491999999999999549e-01
1.342088349953771409e-01 5.073882867543194619e-01 9.522000000000000464e-01 8.524000000000000465e-01
1.654352733767505412e-01 5.576524414827772613e-01 9.376999999999999780e-01 8.376000000000000112e-01
1.670087419627204195e-01 5.191725643764610876e-01 9.391000000000000458e-01 8.381999999999999451e-01
1.917263607736699738e-01 5.405419515739063874e-01 9.270000000000000462e-01 8.389999999999999680e-01
2.254588777773713359e-01 6.260200258715842292e-01 9.116999999999999549e-01 8.267999999999999794e-01
1.386793330657399292e-01 4.876343576658262458e-01 9.526000000000000023e-01 8.474000000000000421e-01
1.545255633750231006e-01 4.936482414362455273e-01 9.462000000000000410e-01 8.439999999999999725e-01
1.789410037917889829e-01 5.237536020630335631e-01 9.336999999999999744e-01 8.396000000000000130e-01
1.675124244468360335e-01 5.185577041550962774e-01 9.364999999999999991e-01 8.374000000000000332e-01
1.605222666025221123e-01 5.073041690962966088e-01 9.432000000000000384e-01 8.437999999999999945e-01
1.965344539811159086e-01 5.357486809460342281e-01 9.320000000000000506e-01 8.372000000000000552e-01
1.682857621782392343e-01 5.240606271619094869e-01 9.399999999999999467e-01 8.439999999999999725e-01
1.573143045108848503e-01 5.033272919842783910e-01 9.419999999999999485e-01 8.479999999999999760e-01
1.629989742552518106e-01 5.358446866607663450e-01 9.381000000000000449e-01 8.386000000000000121e-01
1.561913528162027498e-01 5.066136077154494988e-01 9.442000000000000393e-01 8.417999999999999927e-01
2.561123226203838033e-01 6.053750083567793761e-01 8.969000000000000306e-01 8.112000000000000322e-01
1.941336855298234076e-01 5.510235995755219385e-01 9.275999999999999801e-01 8.316000000000000059e-01
1.556268916496212629e-01 5.215969778858287054e-01 9.421000000000000485e-01 8.436000000000000165e-01
1.561656249301647537e-01 5.420351886889884785e-01 9.399999999999999467e-01 8.401999999999999469e-01
1.882902409169190938e-01 5.537759838644616961e-01 9.298999999999999488e-01 8.384000000000000341e-01
1.997036423383046766e-01 5.595321677581444053e-01 9.224999999999999867e-01 8.309999999999999609e-01
2.375503168995496683e-01 5.597616811106544965e-01 9.073999999999999844e-01 8.227999999999999758e-01
2.948562825733547221e-01 6.334490054237555956e-01 8.801999999999999824e-01 8.055999999999999828e-01
1.534186381401764498e-01 5.009500542283776836e-01 9.432000000000000384e-01 8.454000000000000403e-01
1.590487185518059954e-01 5.271747002259092874e-01 9.416999999999999815e-01 8.409999999999999698e-01
1.555693444093487754e-01 5.079989108147870969e-01 9.424000000000000155e-01 8.451999999999999513e-01
2.037408539221850223e-01 5.505403769264519687e-01 9.243000000000000105e-01 8.346000000000000085e-01
1.496114531652293078e-01 5.036290728347410095e-01 9.459999999999999520e-01 8.457999999999999963e-01
1.620235063220085148e-01 5.118801952387185272e-01 9.409999999999999476e-01 8.364000000000000323e-01
1.719152869176396869e-01 5.432745118247102045e-01 9.342000000000000304e-01 8.409999999999999698e-01
2.226324563124962019e-01 5.799383672218201280e-01 9.169000000000000483e-01 8.356000000000000094e-01
1.662617402274039480e-01 5.176911251715330398e-01 9.379999999999999449e-01 8.404000000000000359e-01
1.859124836769311118e-01 5.495436759686060935e-01 9.297999999999999599e-01 8.369999999999999662e-01
1.490745188760381756e-01 5.083820227811085557e-01 9.434000000000000163e-01 8.427999999999999936e-01
1.629860187326564736e-01 5.240550316248875351e-01 9.414000000000000146e-01 8.379999999999999671e-01
2.083887094405245943e-01 5.832785940913794986e-01 9.236999999999999655e-01 8.317999999999999838e-01
1.974815930317208867e-01 5.126271770347750056e-01 9.285999999999999810e-01 8.334000000000000297e-01
1.368265935098028352e-01 4.839940568944934851e-01 9.557999999999999829e-01 8.487999999999999989e-01
1.519296514344880833e-01 5.226954454850895049e-01 9.448999999999999622e-01 8.362000000000000544e-01
1.536392244681541175e-01 4.971700412310064432e-01 9.453000000000000291e-01 8.417999999999999927e-01
1.507268586108200525e-01 4.993088058639217897e-01 9.431000000000000494e-01 8.427999999999999936e-01
1.842112951058011427e-01 5.307998760045768982e-01 9.294000000000000039e-01 8.359999999999999654e-01
1.671586338441174990e-01 4.987623164976578427e-01 9.411000000000000476e-01 8.347999999999999865e-01
1.805604858431759108e-01 5.325351844134672552e-01 9.361000000000000432e-01 8.394000000000000350e-01
1.792345442318471205e-01 5.542027885207854165e-01 9.295999999999999819e-01 8.309999999999999609e-01
1.858298141322321240e-01 5.246035655920779917e-01 9.310000000000000497e-01 8.419999999999999707e-01
1.675853376623336888e-01 5.108460600212287872e-01 9.399999999999999467e-01 8.416000000000000147e-01
1.402741301123079098e-01 4.955016746536879402e-01 9.483000000000000318e-01 8.539999999999999813e-01
1.780525098336747103e-01 5.140467192692008691e-01 9.324999999999999956e-01 8.362000000000000544e-01
1.927341749869713461e-01 5.677055015683685202e-01 9.258999999999999453e-01 8.401999999999999469e-01
1.328989234309034262e-01 4.959990007678525270e-01 9.543000000000000371e-01 8.457999999999999963e-01
1.709640386136865864e-01 5.467009205027089092e-01 9.372000000000000330e-01 8.346000000000000085e-01
1.507523159703879900e-01 4.959623965961225678e-01 9.482000000000000428e-01 8.479999999999999760e-01
1.958263843381540525e-01 5.537332600431037477e-01 9.236999999999999655e-01 8.372000000000000552e-01
1.780107371113339165e-01 5.635775293278427744e-01 9.375000000000000000e-01 8.391999999999999460e-01
1.768282457868418645e-01 5.198742064012753517e-01 9.372000000000000330e-01 8.356000000000000094e-01
2.024282960320698821e-01 5.604532625646274635e-01 9.227999999999999536e-01 8.294000000000000261e-01
1.717866847091525928e-01 5.436763761434457720e-01 9.376999999999999780e-01 8.399999999999999689e-01
1.633198227707658712e-01 5.189373592073950325e-01 9.383000000000000229e-01 8.429999999999999716e-01
1.566876359927421580e-01 5.237926963593177998e-01 9.399999999999999467e-01 8.431999999999999496e-01
2.991520385510231805e-01 6.690227056437308972e-01 8.788000000000000256e-01 8.054000000000000048e-01
