1.760336164904167999e+00 1.764998196542402642e+00 3.018000000000000127e-01 2.903999999999999915e-01
7.320585638095364889e-01 7.539129750451999401e-01 7.179999999999999716e-01 7.067999999999999838e-01
5.928071936736761804e-01 6.396464325111592686e-01 7.802000000000000046e-01 7.671999999999999931e-01
5.248446747664171630e-01 5.750616850711287587e-01 8.125999999999999890e-01 7.993999999999999995e-01
4.870426723152591064e-01 5.543415232074446752e-01 8.270999999999999464e-01 7.997999999999999554e-01
4.619210444678411576e-01 5.343548181083775939e-01 8.354000000000000314e-01 8.097999999999999643e-01
4.465232615961105544e-01 5.277638271240183698e-01 8.409999999999999698e-01 8.110000000000000542e-01
4.351343504115305905e-01 5.403080913075507530e-01 8.439999999999999725e-01 8.062000000000000277e-01
4.134177398508042667e-01 5.144198104631887425e-01 8.497999999999999998e-01 8.215999999999999970e-01
3.971604983783056375e-01 4.982600322692402051e-01 8.544000000000000483e-01 8.149999999999999467e-01
3.510937977929354248e-01 4.629975976560646855e-01 8.742999999999999661e-01 8.327999999999999847e-01
3.968387416103007492e-01 5.087722669286842692e-01 8.497999999999999998e-01 8.067999999999999616e-01
3.652847970145413625e-01 4.776182615474285909e-01 8.723999999999999533e-01 8.267999999999999794e-01
3.289131553646924555e-01 4.550797368212404770e-01 8.842999999999999750e-01 8.396000000000000130e-01
3.619868688461345685e-01 4.958738501334882254e-01 8.699999999999999956e-01 8.256000000000000005e-01
3.470555021528929363e-01 4.738397097935476143e-01 8.709999999999999964e-01 8.312000000000000499e-01
3.425759094716362418e-01 4.766048280463954234e-01 8.766000000000000458e-01 8.272000000000000464e-01
3.251566379953406138e-01 4.721154310634834705e-01 8.841999999999999860e-01 8.391999999999999460e-01
2.963124616161953995e-01 4.478848347311834011e-01 8.944999999999999618e-01 8.434000000000000385e-01
3.158953615837796769e-01 4.773681763652621313e-01 8.844999999999999529e-01 8.401999999999999469e-01
3.381586257114816418e-01 4.829544847533712715e-01 8.769000000000000128e-01 8.349999999999999645e-01
2.905430368974050714e-01 4.667357132813506060e-01 8.980000000000000204e-01 8.372000000000000552e-01
3.003564681962342942e-01 4.617236923079303113e-01 8.893999999999999684e-01 8.297999999999999821e-01
2.743921626965867278e-01 4.413530440257706911e-01 9.025999999999999579e-01 8.431999999999999496e-01
2.658092283909769260e-01 4.509981211144801772e-01 9.052000000000000046e-01 8.454000000000000403e-01
2.816454972917771249e-01 4.571920818529522923e-01 8.984999999999999654e-01 8.404000000000000359e-01
2.559503567186931505e-01 4.451129204608639811e-01 9.085999999999999632e-01 8.466000000000000192e-01
2.522454099879906653e-01 4.464513129432505778e-01 9.126999999999999558e-01 8.484000000000000430e-01
2.652829762993010876e-01 4.688114144401213657e-01 9.026999999999999469e-01 8.466000000000000192e-01
2.721045993413550024e-01 4.704684064404571209e-01 8.971999999999999975e-01 8.364000000000000323e-01
2.538419918463292735e-01 4.493951021601926277e-01 9.080000000000000293e-01 8.496000000000000218e-01
2.697780833765262565e-01 5.034371313353571686e-01 8.975999999999999535e-01 8.367999999999999883e-01
2.487573436731799481e-01 4.659887023249250082e-01 9.085999999999999632e-01 8.431999999999999496e-01
2.317468921123865544e-01 4.381587940038338402e-01 9.147999999999999465e-01 8.504000000000000448e-01
3.569647474963184575e-01 5.700869401915437118e-01 8.680999999999999828e-01 8.154000000000000137e-01
2.894588150684394012e-01 5.162991116369506361e-01 8.931000000000000050e-01 8.277999999999999803e-01
2.187496751057265432e-01 4.408323638404886835e-01 9.226999999999999647e-01 8.558000000000000052e-01
3.000975285772128909e-01 5.078375914978225936e-01 8.821999999999999842e-01 8.152000000000000357e-01
2.662898475329403825e-01 4.833206176079589689e-01 9.006999999999999451e-01 8.372000000000000552e-01
2.223950771790527137e-01 4.576399759379971566e-01 9.165999999999999703e-01 8.479999999999999760e-01
2.101224030329175430e-01 4.718606799244025041e-01 9.216999999999999638e-01 8.434000000000000385e-01
2.233000488174709530e-01 4.650357379188587159e-01 9.181000000000000272e-01 8.441999999999999504e-01
2.144951504919840879e-01 4.570313393303364058e-01 9.207999999999999519e-01 8.411999999999999478e-01
2.012071614578579970e-01 4.495677173577935504e-01 9.256999999999999673e-01 8.499999999999999778e-01
2.094023344027190758e-01 4.803385168775814451e-01 9.227999999999999536e-01 8.441999999999999504e-01
2.322206924936996986e-01 5.166241658815410309e-01 9.099000000000000421e-01 8.376000000000000112e-01
2.420005232429597586e-01 4.855435595441051078e-01 9.024999999999999689e-01 8.367999999999999883e-01
2.636730421495158683e-01 5.305636885965635541e-01 8.982999999999999874e-01 8.264000000000000234e-01
2.080153784823619290e-01 4.722689499943400482e-01 9.207999999999999519e-01 8.431999999999999496e-01
1.964138991155873482e-01 4.778953034513802600e-01 9.260000000000000453e-01 8.469999999999999751e-01
2.079480006994945118e-01 4.766234218682147139e-01 9.214999999999999858e-01 8.446000000000000174e-01
2.375965080970554866e-01 5.118293302696409475e-01 9.086999999999999522e-01 8.399999999999999689e-01
2.073803695194285091e-01 4.999536904497462464e-01 9.234999999999999876e-01 8.427999999999999936e-01
2.076492369125710058e-01 4.670533459358770512e-01 9.263000000000000123e-01 8.476000000000000201e-01
2.018617592483818168e-01 4.938425452337061872e-01 9.258999999999999453e-01 8.419999999999999707e-01
2.133913790677611222e-01 5.254331500173012870e-01 9.185999999999999721e-01 8.349999999999999645e-01
1.654446221727917110e-01 4.502460822068615753e-01 9.388999999999999568e-01 8.544000000000000483e-01
1.850639990933529155e-01 4.785993653881673859e-01 9.317999999999999616e-01 8.431999999999999496e-01
2.022956025444455352e-01 5.003476767018651961e-01 9.246999999999999664e-01 8.372000000000000552e-01
1.710542287673721962e-01 4.760105884739549986e-01 9.385000000000000009e-01 8.457999999999999963e-01
1.728918272986922078e-01 4.826531510052362028e-01 9.348999999999999533e-01 8.487999999999999989e-01
1.905121888691637955e-01 5.063845171959773239e-01 9.294000000000000039e-01 8.424000000000000377e-01
1.836932843894771572e-01 5.026008853096194384e-01 9.317999999999999616e-01 8.404000000000000359e-01
1.631302472162880768e-01 4.811690039083165171e-01 9.399999999999999467e-01 8.464000000000000412e-01
2.132987591162398000e-01 5.324941581697000270e-01 9.183999999999999941e-01 8.366000000000000103e-01
1.526264102894263619e-01 4.648849563525608297e-01 9.455000000000000071e-01 8.501999999999999558e-01
1.583675177335872319e-01 4.806410673497475972e-01 9.416999999999999815e-01 8.477999999999999980e-01
1.538970867609613935e-01 4.883096005802387563e-01 9.425999999999999934e-01 8.511999999999999567e-01
1.597499950779577849e-01 5.227522156353847649e-01 9.416999999999999815e-01 8.451999999999999513e-01
1.518084094001849738e-01 4.863448315348938289e-01 9.453000000000000291e-01 8.474000000000000421e-01
1.542702343480606419e-01 4.920499015148703803e-01 9.445999999999999952e-01 8.484000000000000430e-01
1.654749352022036046e-01 5.366676898666910001e-01 9.372000000000000330e-01 8.427999999999999936e-01
1.817011026763443171e-01 5.064769156244092185e-01 9.285999999999999810e-01 8.381999999999999451e-01
1.713325803496010269e-01 5.199750082111992411e-01 9.326999999999999735e-01 8.447999999999999954e-01
1.435206545970691416e-01 5.204125963528529741e-01 9.463000000000000300e-01 8.509999999999999787e-01
1.652553405162869582e-01 5.467795670506347960e-01 9.354000000000000092e-01 8.461999999999999522e-01
1.475368447622586177e-01 5.138917671923306507e-01 9.438999999999999613e-01 8.476000000000000201e-01
1.471430468268531688e-01 5.078168905049941229e-01 9.472000000000000419e-01 8.439999999999999725e-01
2.072073807208371365e-01 5.861859623940285369e-01 9.166999999999999593e-01 8.247999999999999776e-01
1.598119181026415314e-01 5.431226521767582582e-01 9.393000000000000238e-01 8.454000000000000403e-01
1.847647044105275305e-01 5.701524398349268052e-01 9.308999999999999497e-01 8.376000000000000112e-01
1.912903362846838096e-01 5.648979211651767862e-01 9.267999999999999572e-01 8.357999999999999874e-01
1.786023429549460917e-01 5.511901913426683342e-01 9.331000000000000405e-01 8.327999999999999847e-01
2.022058269502408634e-01 5.866395986204941959e-01 9.226999999999999647e-01 8.381999999999999451e-01
1.613813807035701653e-01 5.315802018696358378e-01 9.424000000000000155e-01 8.496000000000000218e-01
1.424693282883664203e-01 5.378373694905479452e-01 9.497999999999999776e-01 8.429999999999999716e-01
1.181851603080964208e-01 5.149113451167687261e-01 9.594000000000000306e-01 8.456000000000000183e-01
1.592596175168064510e-01 5.692310480164455289e-01 9.388999999999999568e-01 8.386000000000000121e-01
1.448289641545943141e-01 5.551782442610569968e-01 9.476999999999999869e-01 8.487999999999999989e-01
1.331193846037715678e-01 5.489742919860849391e-01 9.512000000000000455e-01 8.491999999999999549e-01
1.527426509588721837e-01 5.452507438058974421e-01 9.431000000000000494e-01 8.436000000000000165e-01
1.428195641351693301e-01 5.497462012502811746e-01 9.497999999999999776e-01 8.434000000000000385e-01
1.341606765823054048e-01 5.277229998002602729e-01 9.502000000000000446e-01 8.511999999999999567e-01
1.258058800488946471e-01 5.508714140904332757e-01 9.539999999999999591e-01 8.494000000000000439e-01
1.726384648699417490e-01 6.119536152043426602e-01 9.344000000000000083e-01 8.407999999999999918e-01
1.405545832218426661e-01 5.740078922747628987e-01 9.497999999999999776e-01 8.407999999999999918e-01
1.164084375127331233e-01 5.061663662349388249e-01 9.596999999999999975e-01 8.497999999999999998e-01
1.582429650668892573e-01 5.764998854903485848e-01 9.387999999999999678e-01 8.397999999999999909e-01
1.242936966651429637e-01 5.306854932231802602e-01 9.533000000000000362e-01 8.509999999999999787e-01
1.603562479768460558e-01 5.940058377490634589e-01 9.372000000000000330e-01 8.386000000000000121e-01
1.420843409161464121e-01 5.698891010511941690e-01 9.485999999999999988e-01 8.504000000000000448e-01
1.639813961014265076e-01 5.492211133371905918e-01 9.371000000000000441e-01 8.397999999999999909e-01
1.259203445063367399e-01 5.353163190422522977e-01 9.563000000000000389e-01 8.447999999999999954e-01
1.295258491360458952e-01 5.160083765220760954e-01 9.520999999999999464e-01 8.467999999999999972e-01
1.393417255834145108e-01 5.632643986718514073e-01 9.465000000000000080e-01 8.471999999999999531e-01
1.385543728741666925e-01 5.680913315632393212e-01 9.478999999999999648e-01 8.447999999999999954e-01
2.631579430106761319e-01 6.341763543370947387e-01 9.034999999999999698e-01 8.065999999999999837e-01
1.435245804844521855e-01 5.204186379397264250e-01 9.466999999999999860e-01 8.441999999999999504e-01
1.095583261661954994e-01 5.490151744812510337e-01 9.596000000000000085e-01 8.506000000000000227e-01
1.322422143455285748e-01 5.366178558158729572e-01 9.528999999999999693e-01 8.437999999999999945e-01
1.267079861619548331e-01 5.287316021761722107e-01 9.550999999999999490e-01 8.454000000000000403e-01
1.277158513345127977e-01 5.808110434781404985e-01 9.554000000000000270e-01 8.449999999999999734e-01
1.423085498429982054e-01 6.036308454993819517e-01 9.474000000000000199e-01 8.469999999999999751e-01
1.853065061744412212e-01 6.339099954312640284e-01 9.284000000000000030e-01 8.312000000000000499e-01
1.146560787513244556e-01 5.418279343470030485e-01 9.609999999999999654e-01 8.519999999999999796e-01
1.195931032769571856e-01 5.883746250784713805e-01 9.603000000000000425e-01 8.466000000000000192e-01
9.257533451399929669e-02 5.533466422392913087e-01 9.677999999999999936e-01 8.506000000000000227e-01
1.310846102024114668e-01 5.368832257971596356e-01 9.503000000000000336e-01 8.426000000000000156e-01
1.543795054217670104e-01 5.374067155964170617e-01 9.426999999999999824e-01 8.406000000000000139e-01
1.248866271063269751e-01 5.422817907974583074e-01 9.542000000000000481e-01 8.514000000000000457e-01
1.265308360818646061e-01 4.943940992186413586e-01 9.572000000000000508e-01 8.481999999999999540e-01
1.270522478345512685e-01 5.498815925371368651e-01 9.550999999999999490e-01 8.417999999999999927e-01
1.140494490149460555e-01 5.205161345468027889e-01 9.598999999999999755e-01 8.484000000000000430e-01
1.288538731131598503e-01 5.947307053070082228e-01 9.522000000000000464e-01 8.429999999999999716e-01
1.285426831286577420e-01 5.551860191514731424e-01 9.544000000000000261e-01 8.397999999999999909e-01
1.075544707868986982e-01 5.831840777617801619e-01 9.610999999999999543e-01 8.539999999999999813e-01
1.022394422128972552e-01 5.398163663628392506e-01 9.646000000000000130e-01 8.487999999999999989e-01
1.353806284557937112e-01 5.854665532451788224e-01 9.512000000000000455e-01 8.419999999999999707e-01
1.515958532094411615e-01 6.309283633857670770e-01 9.448999999999999622e-01 8.327999999999999847e-01
1.391384699333828023e-01 5.820718761134320296e-01 9.475999999999999979e-01 8.417999999999999927e-01
1.037807442143593856e-01 5.567825586219615763e-01 9.640999999999999570e-01 8.496000000000000218e-01
1.259052259046667677e-01 5.960451535785469268e-01 9.560999999999999499e-01 8.434000000000000385e-01
1.002853799452908395e-01 5.611331691576877390e-01 9.635000000000000231e-01 8.459999999999999742e-01
9.365877633296564031e-02 5.713682029273640106e-01 9.689999999999999725e-01 8.409999999999999698e-01
1.774724725254183400e-01 6.158948602690808016e-01 9.295999999999999819e-01 8.439999999999999725e-01
1.088144247497415951e-01 5.376535901899557324e-01 9.635000000000000231e-01 8.541999999999999593e-01
1.279845270374995736e-01 5.971078943247172255e-01 9.510999999999999455e-01 8.416000000000000147e-01
8.549650428204520758e-02 5.797274169327663040e-01 9.695000000000000284e-01 8.518000000000000016e-01
1.834409864340070528e-01 6.695735339401531760e-01 9.376999999999999780e-01 8.264000000000000234e-01
1.012271284395359072e-01 5.503748985730334553e-01 9.636000000000000121e-01 8.477999999999999980e-01
1.504595972396558512e-01 6.137465880866118662e-01 9.426999999999999824e-01 8.356000000000000094e-01
1.251399818480324888e-01 6.010143902029191354e-01 9.509999999999999565e-01 8.391999999999999460e-01
1.068268788107217954e-01 5.577751332304076159e-01 9.599999999999999645e-01 8.491999999999999549e-01
1.225013852255057989e-01 5.712011816062975145e-01 9.526000000000000023e-01 8.409999999999999698e-01
9.437873389756470943e-02 5.786295142826087812e-01 9.667000000000000037e-01 8.436000000000000165e-01
1.003222056127727885e-01 5.363233637285927946e-01 9.647000000000000020e-01 8.469999999999999751e-01
1.089938741471668388e-01 5.734162472204723526e-01 9.613000000000000433e-01 8.496000000000000218e-01
8.895026978683048813e-02 5.678831340077273859e-01 9.716000000000000192e-01 8.481999999999999540e-01
1.091688490510410864e-01 5.577408253581497277e-01 9.599999999999999645e-01 8.481999999999999540e-01
7.760619141769747875e-02 5.399920902036026149e-01 9.744000000000000439e-01 8.576000000000000290e-01
1.498653829024233219e-01 6.384303104265102169e-01 9.445000000000000062e-01 8.372000000000000552e-01
1.301062692308854740e-01 6.015392653048813321e-01 9.514000000000000234e-01 8.426000000000000156e-01
9.606641992539929897e-02 5.838904389633251535e-01 9.646000000000000130e-01 8.506000000000000227e-01
1.076689496456013084e-01 5.634368367881010808e-01 9.623000000000000442e-01 8.489999999999999769e-01
7.896038139113840948e-02 5.336069157132006247e-01 9.749999999999999778e-01 8.559999999999999831e-01
1.307563086795609786e-01 6.056338186525710432e-01 9.487999999999999767e-01 8.439999999999999725e-01
7.747278297222573440e-02 5.695690212177630940e-01 9.743000000000000549e-01 8.528000000000000025e-01
1.860349469905859809e-01 6.655314178997147057e-01 9.263000000000000123e-01 8.287999999999999812e-01
1.236937308316670842e-01 5.465677490845042286e-01 9.535000000000000142e-01 8.457999999999999963e-01
9.777159521862362201e-02 5.635659839602261689e-01 9.664000000000000368e-01 8.476000000000000201e-01
1.154771703869936078e-01 6.105182100423527380e-01 9.577999999999999847e-01 8.409999999999999698e-01
1.853564514166509136e-01 6.887197563504041664e-01 9.250000000000000444e-01 8.217999999999999750e-01
1.368708828625319618e-01 5.926391686214123045e-01 9.465999999999999970e-01 8.456000000000000183e-01
1.343122283541741124e-01 6.368055869487049270e-01 9.482000000000000428e-01 8.364000000000000323e-01
1.418447399279383625e-01 6.212968181592940509e-01 9.478999999999999648e-01 8.457999999999999963e-01
1.077934124924320447e-01 5.705077964697787829e-01 9.605000000000000204e-01 8.419999999999999707e-01
1.003715023675128132e-01 5.540108158560027585e-01 9.659999999999999698e-01 8.391999999999999460e-01
9.828428123727499244e-02 5.239677650321269420e-01 9.681999999999999496e-01 8.501999999999999558e-01
9.563506723738969539e-02 5.809378267012449415e-01 9.668999999999999817e-01 8.509999999999999787e-01
1.760406092022577806e-01 6.379814817839397634e-01 9.328999999999999515e-01 8.354000000000000314e-01
1.169909154312276794e-01 5.915389720024901710e-01 9.558999999999999719e-01 8.411999999999999478e-01
8.815019675998175819e-02 5.939678193563959763e-01 9.698999999999999844e-01 8.551999999999999602e-01
7.398914304665020480e-02 5.568018573606061672e-01 9.747999999999999998e-01 8.568000000000000060e-01
9.486359010003200809e-02 5.712818599994164970e-01 9.657999999999999918e-01 8.451999999999999513e-01
9.097544225427760256e-02 5.588348121094106613e-01 9.678999999999999826e-01 8.471999999999999531e-01
1.926459778990437799e-01 7.203704337900093124e-01 9.331000000000000405e-01 8.344000000000000306e-01
6.827656372732684997e-02 5.334154976954610383e-01 9.780999999999999694e-01 8.554000000000000492e-01
8.541722166096846203e-02 5.745256528790009254e-01 9.707999999999999963e-01 8.576000000000000290e-01
1.456773006714018326e-01 6.171922670790003229e-01 9.463000000000000300e-01 8.356000000000000094e-01
1.195140260623885758e-01 5.434626575118830516e-01 9.574000000000000288e-01 8.397999999999999909e-01
9.615945650818760737e-02 5.644722905406366342e-01 9.653000000000000469e-01 8.519999999999999796e-01
1.306875507743536780e-01 5.534161166732725068e-01 9.506000000000000005e-01 8.469999999999999751e-01
9.511181068947467676e-02 5.901111991462636430e-01 9.666000000000000147e-01 8.538000000000000034e-01
7.701583208498420652e-02 5.791306340558596277e-01 9.737999999999999989e-01 8.556000000000000272e-01
1.340099871966190237e-01 5.952179975988451943e-01 9.506000000000000005e-01 8.441999999999999504e-01
1.363277391442836439e-01 6.267951392734841809e-01 9.488999999999999657e-01 8.399999999999999689e-01
7.329669767017495119e-02 5.642635570415738266e-01 9.748999999999999888e-01 8.509999999999999787e-01
8.684604639014432970e-02 5.497587134786808827e-01 9.719999999999999751e-01 8.516000000000000236e-01
1.221862082580193604e-01 5.991360141846145959e-01 9.554000000000000270e-01 8.381999999999999451e-01
9.292413888933831467e-02 5.950092478634740889e-01 9.690999999999999615e-01 8.429999999999999716e-01
6.897534057901834326e-02 5.681104641944746403e-01 9.771999999999999575e-01 8.519999999999999796e-01
1.105326953773876769e-01 5.772319937252752275e-01 9.604000000000000314e-01 8.489999999999999769e-01
8.138794403235756481e-02 5.837502002426810943e-01 9.713000000000000522e-01 8.487999999999999989e-01
9.576752853561999734e-02 5.816487192909598480e-01 9.666000000000000147e-01 8.489999999999999769e-01
1.124521234155165528e-01 6.140907074635089113e-01 9.596999999999999975e-01 8.479999999999999760e-01
2.152983427161950236e-01 6.512735214788877292e-01 9.089000000000000412e-01 8.155999999999999917e-01
9.975681255319264473e-02 5.826545183102224135e-01 9.658999999999999808e-01 8.499999999999999778e-01
1.108417985472917727e-01 5.953164108453625758e-01 9.586999999999999966e-01 8.459999999999999742e-01
7.482987240661859163e-02 5.751645218181540287e-01 9.737000000000000099e-01 8.541999999999999593e-01
1.152989970433608569e-01 5.825698201963386280e-01 9.578999999999999737e-01 8.397999999999999909e-01
9.202241140268692388e-02 5.768292350147097292e-01 9.677000000000000046e-01 8.467999999999999972e-01
1.053603124263017832e-01 6.176775040242563630e-01 9.599999999999999645e-01 8.461999999999999522e-01
1.404985461830237370e-01 6.631762660450315483e-01 9.462000000000000410e-01 8.416000000000000147e-01
1.186399418124917948e-01 5.846441581783221597e-01 9.573000000000000398e-01 8.414000000000000368e-01
1.234509089376608637e-01 5.984984230337713207e-01 9.564000000000000279e-01 8.411999999999999478e-01
1.756476127721526281e-01 6.557434015885356127e-01 9.335999999999999854e-01 8.309999999999999609e-01
1.086084032740950722e-01 6.034096144423211072e-01 9.608999999999999764e-01 8.459999999999999742e-01
7.502051861228706264e-02 5.972578394172244343e-01 9.741999999999999549e-01 8.509999999999999787e-01
1.040933431841971901e-01 5.604281093126876057e-01 9.638999999999999790e-01 8.457999999999999963e-01
1.140265532587253355e-01 5.953256461964260282e-01 9.582000000000000517e-01 8.469999999999999751e-01
1.449596906387139450e-01 6.471816828720801107e-01 9.439999999999999503e-01 8.379999999999999671e-01
1.088036424482169418e-01 6.041176092865075953e-01 9.587999999999999856e-01 8.491999999999999549e-01
8.921177003815801421e-02 5.736665277924615225e-01 9.685000000000000275e-01 8.508000000000000007e-01
6.549006775000278113e-02 5.657130701933170691e-01 9.811999999999999611e-01 8.516000000000000236e-01
1.498159860931327081e-01 6.219328808972359734e-01 9.386999999999999789e-01 8.334000000000000297e-01
1.370599869734815124e-01 6.162081719941181479e-01 9.506999999999999895e-01 8.397999999999999909e-01
1.206175052343422816e-01 6.206866257357871453e-01 9.562000000000000499e-01 8.486000000000000210e-01
1.521828837966358594e-01 6.532557188175883711e-01 9.494000000000000217e-01 8.346000000000000085e-01
7.021317236581142707e-02 5.843173489241495488e-01 9.767000000000000126e-01 8.516000000000000236e-01
8.046789422492556243e-02 6.093500397842174232e-01 9.726000000000000201e-01 8.497999999999999998e-01
9.168832311001368085e-02 5.854176015451068027e-01 9.677999999999999936e-01 8.514000000000000457e-01
1.093053062918108304e-01 5.575888225330921655e-01 9.634000000000000341e-01 8.469999999999999751e-01
1.150194749709756298e-01 6.183621603147940737e-01 9.576999999999999957e-01 8.459999999999999742e-01
1.284005372374348586e-01 6.450594404844639529e-01 9.500999999999999446e-01 8.401999999999999469e-01
1.445602671204599121e-01 6.157869615288518172e-01 9.385999999999999899e-01 8.307999999999999829e-01
1.034089587137758809e-01 6.017843740154511512e-01 9.604000000000000314e-01 8.474000000000000421e-01
8.421261877046400113e-02 6.272893215770979358e-01 9.683000000000000496e-01 8.558000000000000052e-01
7.905902877005571705e-02 5.741251380595245868e-01 9.748999999999999888e-01 8.497999999999999998e-01
7.378954977204241206e-02 6.004056366528228716e-01 9.768000000000000016e-01 8.497999999999999998e-01
1.304158811626442982e-01 6.588145240306113593e-01 9.503000000000000336e-01 8.317999999999999838e-01
7.414362938429135130e-02 5.934001935170596376e-01 9.754000000000000448e-01 8.484000000000000430e-01
6.893353687659831142e-02 5.863105314941265966e-01 9.785000000000000364e-01 8.566000000000000281e-01
1.820307821625424538e-01 7.316341633368630415e-01 9.362000000000000322e-01 8.364000000000000323e-01
8.198587202373437688e-02 6.017451127576477488e-01 9.698999999999999844e-01 8.554000000000000492e-01
7.668273082393609053e-02 6.179614271284229465e-01 9.718999999999999861e-01 8.526000000000000245e-01
1.210974767846235839e-01 6.126650176357397726e-01 9.545000000000000151e-01 8.437999999999999945e-01
7.788711117640439996e-02 6.131364133386496551e-01 9.705000000000000293e-01 8.459999999999999742e-01
1.928143586814627386e-01 7.220099703632361088e-01 9.249000000000000554e-01 8.204000000000000181e-01
8.737416393468369624e-02 6.118246585884575817e-01 9.686000000000000165e-01 8.516000000000000236e-01
1.012815458471643532e-01 6.283614221770561503e-01 9.603000000000000425e-01 8.457999999999999963e-01
1.465627238990843406e-01 6.587255915640063408e-01 9.427999999999999714e-01 8.319999999999999618e-01
9.269010649031722560e-02 6.629235839963029120e-01 9.661999999999999478e-01 8.487999999999999989e-01
1.052634974745584734e-01 6.327740379389157344e-01 9.589999999999999636e-01 8.501999999999999558e-01
8.326415771816075839e-02 6.145342211110434993e-01 9.705000000000000293e-01 8.508000000000000007e-01
8.037797650868812316e-02 6.192273171587817648e-01 9.730999999999999650e-01 8.476000000000000201e-01
8.641214885859821448e-02 6.306976375468440477e-01 9.697999999999999954e-01 8.464000000000000412e-01
1.405834735671791236e-01 7.091816412757768751e-01 9.492000000000000437e-01 8.364000000000000323e-01
1.113163991253338092e-01 6.188563644974069966e-01 9.607999999999999874e-01 8.441999999999999504e-01
1.114362355676904864e-01 6.561284246474173854e-01 9.589999999999999636e-01 8.451999999999999513e-01
7.978992481706204121e-02 6.114099730986216619e-01 9.707000000000000073e-01 8.554000000000000492e-01
9.538826924329209256e-02 6.694933796575399665e-01 9.633000000000000451e-01 8.459999999999999742e-01
8.025977584474894289e-02 5.715642183411323574e-01 9.693000000000000504e-01 8.529999999999999805e-01
8.405785845839695847e-02 6.188669119298396692e-01 9.704000000000000403e-01 8.524000000000000465e-01
7.547325172926286352e-02 6.143403439643331243e-01 9.738999999999999879e-01 8.538000000000000034e-01
8.436568679884247357e-02 5.435302074559713592e-01 9.705000000000000293e-01 8.539999999999999813e-01
8.620799055386627052e-02 6.417426682560488649e-01 9.697999999999999954e-01 8.559999999999999831e-01
8.806359645012762360e-02 5.862209994853007089e-01 9.687999999999999945e-01 8.518000000000000016e-01
1.266735476798052651e-01 5.915650747965833789e-01 9.535000000000000142e-01 8.429999999999999716e-01
1.136273677655910835e-01 6.497149764817949924e-01 9.597999999999999865e-01 8.476000000000000201e-01
1.069117569233122150e-01 6.123670382227818232e-01 9.606999999999999984e-01 8.467999999999999972e-01
1.155343365171455361e-01 6.372833859905757681e-01 9.574000000000000288e-01 8.441999999999999504e-01
7.446927594794587602e-02 6.296499651274509723e-01 9.748999999999999888e-01 8.471999999999999531e-01
1.038961704410886061e-01 6.210735773434354901e-01 9.613000000000000433e-01 8.464000000000000412e-01
1.443169957997230413e-01 6.766364742834687362e-01 9.461000000000000520e-01 8.434000000000000385e-01
9.658893863790717071e-02 5.871415689342620592e-01 9.629999999999999671e-01 8.457999999999999963e-01
4.759223290577453691e-02 5.948364450045438012e-01 9.868999999999999995e-01 8.568000000000000060e-01
6.427868491022867281e-02 5.895771831982419275e-01 9.811999999999999611e-01 8.519999999999999796e-01
1.007083954034238837e-01 5.906710305850990661e-01 9.605000000000000204e-01 8.451999999999999513e-01
1.218130781398961554e-01 6.243702634086777392e-01 9.526000000000000023e-01 8.401999999999999469e-01
9.116210662595575220e-02 6.254887501682669937e-01 9.628999999999999782e-01 8.464000000000000412e-01
7.811537593665385248e-02 5.919224926566146738e-01 9.741999999999999549e-01 8.454000000000000403e-01
5.501944543713832569e-02 5.834869827360438244e-01 9.828999999999999959e-01 8.584000000000000519e-01
6.663000363963282602e-02 6.187132992108332896e-01 9.780999999999999694e-01 8.489999999999999769e-01
8.030044121847988714e-02 5.871405395114083214e-01 9.707000000000000073e-01 8.439999999999999725e-01
7.131438828019652509e-02 5.917522833833250839e-01 9.744000000000000439e-01 8.524000000000000465e-01
9.870966595479500894e-02 6.521152654547062166e-01 9.645000000000000240e-01 8.469999999999999751e-01
1.622861892691041807e-01 6.778610651368313089e-01 9.382000000000000339e-01 8.296000000000000041e-01
1.163989257472089062e-01 6.240465705792678230e-01 9.592000000000000526e-01 8.454000000000000403e-01
7.941528814526230273e-02 5.949191121495808199e-01 9.715000000000000302e-01 8.506000000000000227e-01
1.250554679728335394e-01 6.662277185926823719e-01 9.482000000000000428e-01 8.476000000000000201e-01
6.620207188781919438e-02 5.982914754240672428e-01 9.771999999999999575e-01 8.539999999999999813e-01
1.569228317151316887e-01 7.176939283502504763e-01 9.435000000000000053e-01 8.326000000000000068e-01
1.144548648750467468e-01 6.381354120618205616e-01 9.546000000000000041e-01 8.444000000000000394e-01
1.192841655772173270e-01 6.685809001443081545e-01 9.520999999999999464e-01 8.387999999999999901e-01
7.459516307798869095e-02 6.097408837580403640e-01 9.717000000000000082e-01 8.469999999999999751e-01
8.756371967131948431e-02 6.125903577685284374e-01 9.700999999999999623e-01 8.474000000000000421e-01
8.931032330330775093e-02 6.266813183940503906e-01 9.675000000000000266e-01 8.391999999999999460e-01
8.846732625927715421e-02 6.383027144287649612e-01 9.653000000000000469e-01 8.491999999999999549e-01
1.030076549519151757e-01 6.272167616425503578e-01 9.612000000000000544e-01 8.381999999999999451e-01
5.801658043888854865e-02 5.924323260509825051e-01 9.815000000000000391e-01 8.516000000000000236e-01
9.921188524046106738e-02 5.896604325265422109e-01 9.641999999999999460e-01 8.546000000000000263e-01
1.047656973863129171e-01 6.402410182950382111e-01 9.597999999999999865e-01 8.401999999999999469e-01
7.032063380594329172e-02 6.156957192304014503e-01 9.746000000000000218e-01 8.487999999999999989e-01
1.113131997527482125e-01 6.423247215970959711e-01 9.559999999999999609e-01 8.449999999999999734e-01
8.315184996678444407e-02 6.246514146817604418e-01 9.696000000000000174e-01 8.487999999999999989e-01
1.065127200170996463e-01 6.690262524883078266e-01 9.605000000000000204e-01 8.386000000000000121e-01
9.567948416840892090e-02 6.472144979501326389e-01 9.636000000000000121e-01 8.486000000000000210e-01
5.701373257203308509e-02 5.997059081224365151e-01 9.817000000000000171e-01 8.574000000000000510e-01
9.674773936760606985e-02 6.281869034413697372e-01 9.657999999999999918e-01 8.466000000000000192e-01
6.849443709499318522e-02 5.875860216281092452e-01 9.768999999999999906e-01 8.531999999999999584e-01
6.426100627320212311e-02 6.170225379280304123e-01 9.781999999999999584e-01 8.467999999999999972e-01
5.186864600005379466e-02 5.883694361873723633e-01 9.851999999999999647e-01 8.544000000000000483e-01
7.172013729018530959e-02 5.979985737989983452e-01 9.749999999999999778e-01 8.504000000000000448e-01
8.201059111873111596e-02 6.318926641783940701e-01 9.713000000000000522e-01 8.467999999999999972e-01
7.745557210043432783e-02 6.129053009978080446e-01 9.721999999999999531e-01 8.528000000000000025e-01
5.145878882014511685e-02 6.576872907472692820e-01 9.820999999999999730e-01 8.568000000000000060e-01
9.567116981645135132e-02 6.076801245759023695e-01 9.635000000000000231e-01 8.446000000000000174e-01
1.069926745749423813e-01 6.682321970873176253e-01 9.627000000000000002e-01 8.406000000000000139e-01
7.467458387370208561e-02 5.720346823416806448e-01 9.744000000000000439e-01 8.509999999999999787e-01
5.745287311968943350e-02 5.786126085987376433e-01 9.819999999999999840e-01 8.506000000000000227e-01
1.067062918910537950e-01 6.163301880113767339e-01 9.598999999999999755e-01 8.436000000000000165e-01
7.134333117692723270e-02 5.751799593348736472e-01 9.775000000000000355e-01 8.531999999999999584e-01
9.642049615253087125e-02 5.817926600453978692e-01 9.651999999999999469e-01 8.497999999999999998e-01
6.548634180191448273e-02 6.027497266429541201e-01 9.768999999999999906e-01 8.579999999999999849e-01
6.250584088184642229e-02 6.127948892613199749e-01 9.794000000000000483e-01 8.519999999999999796e-01
9.240004582153311941e-02 6.072562721961950460e-01 9.687000000000000055e-01 8.427999999999999936e-01
1.270650566508318979e-01 7.486908623962040821e-01 9.513000000000000345e-01 8.424000000000000377e-01
9.777431079330686781e-02 5.733672950740387186e-01 9.656000000000000139e-01 8.436000000000000165e-01
1.223324192319667630e-01 6.297963539164831426e-01 9.529999999999999583e-01 8.457999999999999963e-01
6.240120301085952392e-02 6.050121088266130487e-01 9.798999999999999932e-01 8.516000000000000236e-01
7.975870016360782355e-02 6.408522419847711982e-01 9.736000000000000210e-01 8.461999999999999522e-01
6.472009072860956946e-02 5.624579761838592873e-01 9.782999999999999474e-01 8.566000000000000281e-01
9.913828663398371877e-02 6.245353051405191369e-01 9.629999999999999671e-01 8.489999999999999769e-01
6.184685905770146569e-02 6.142902880549748756e-01 9.785000000000000364e-01 8.541999999999999593e-01
1.245622806786083198e-01 6.089311208575413081e-01 9.545000000000000151e-01 8.401999999999999469e-01
7.739127517276452040e-02 6.454512162462353597e-01 9.709999999999999742e-01 8.417999999999999927e-01
7.618609367751175143e-02 6.452450070105438806e-01 9.733000000000000540e-01 8.494000000000000439e-01
1.422480372457595177e-01 7.205774965995010994e-01 9.456999999999999851e-01 8.396000000000000130e-01
7.062262371316639642e-02 6.159665815562005431e-01 9.766000000000000236e-01 8.477999999999999980e-01
8.906558585698316766e-02 6.459694127080319870e-01 9.665000000000000258e-01 8.481999999999999540e-01
1.114785591992608765e-01 6.129920061509723794e-01 9.568999999999999728e-01 8.414000000000000368e-01
1.181768847562334468e-01 6.950552170227498605e-01 9.563000000000000389e-01 8.451999999999999513e-01
1.021985852570181652e-01 6.242002684406061652e-01 9.596999999999999975e-01 8.476000000000000201e-01
6.023539340530106867e-02 5.882239089515498565e-01 9.792999999999999483e-01 8.534000000000000474e-01
2.103167543127554828e-01 7.422599044336648522e-01 9.139000000000000457e-01 8.134000000000000119e-01
8.333598128031396990e-02 6.331629500040760750e-01 9.678999999999999826e-01 8.526000000000000245e-01
1.061054804789024752e-01 6.525651989909656558e-01 9.599999999999999645e-01 8.397999999999999909e-01
1.795919496078627053e-01 7.830406756304101323e-01 9.290000000000000480e-01 8.224000000000000199e-01
8.270626105589960753e-02 6.330635033614756546e-01 9.683000000000000496e-01 8.469999999999999751e-01
7.681308294845391738e-02 5.824337636266920804e-01 9.739999999999999769e-01 8.511999999999999567e-01
5.655578164051915796e-02 5.674075148332331509e-01 9.818999999999999950e-01 8.539999999999999813e-01
7.246656611183559249e-02 5.927702740613598476e-01 9.758000000000000007e-01 8.474000000000000421e-01
7.642839143424541570e-02 5.916627821640891849e-01 9.750999999999999668e-01 8.524000000000000465e-01
8.512426764938126056e-02 6.175232303206984463e-01 9.667000000000000037e-01 8.427999999999999936e-01
7.110181377548382975e-02 6.060979441289882086e-01 9.749999999999999778e-01 8.501999999999999558e-01
6.077031580563066471e-02 6.268631442533764142e-01 9.798000000000000043e-01 8.514000000000000457e-01
8.471332100448246416e-02 7.396242714020153652e-01 9.670999999999999597e-01 8.441999999999999504e-01
9.744809809144977519e-02 6.743047601281361159e-01 9.606000000000000094e-01 8.357999999999999874e-01
1.248879918213221529e-01 6.595375476400797687e-01 9.544000000000000261e-01 8.409999999999999698e-01
8.335620004376245729e-02 5.832735235240843474e-01 9.709999999999999742e-01 8.531999999999999584e-01
6.095687590228623248e-02 6.040336567044308769e-01 9.791999999999999593e-01 8.516000000000000236e-01
7.969355827300207695e-02 5.656287836294296989e-01 9.744000000000000439e-01 8.464000000000000412e-01
7.866038239230667417e-02 6.099014081950765442e-01 9.736000000000000210e-01 8.484000000000000430e-01
9.747945223906974432e-02 5.979999225568770616e-01 9.659999999999999698e-01 8.461999999999999522e-01
8.004356938513494668e-02 6.503941324658654155e-01 9.686000000000000165e-01 8.518000000000000016e-01
6.777308332692132120e-02 5.848261056952753778e-01 9.778999999999999915e-01 8.528000000000000025e-01
5.102071441492359027e-02 5.933674977859888511e-01 9.830999999999999739e-01 8.578000000000000069e-01
9.961272185415891156e-02 5.957378294487901682e-01 9.646000000000000130e-01 8.477999999999999980e-01
8.680105568522902826e-02 6.274880143464828253e-01 9.698999999999999844e-01 8.461999999999999522e-01
8.042803730282414854e-02 5.824837785425750480e-01 9.738999999999999879e-01 8.534000000000000474e-01
7.840022939681626224e-02 6.641756534280625068e-01 9.703000000000000513e-01 8.416000000000000147e-01
6.535824049640678868e-02 6.066265003698133595e-01 9.785000000000000364e-01 8.494000000000000439e-01
8.377100927230431149e-02 6.363542019800282334e-01 9.691999999999999504e-01 8.486000000000000210e-01
1.221323682040078434e-01 6.374666835002467113e-01 9.556999999999999940e-01 8.391999999999999460e-01
8.029394966608470463e-02 6.191454287761520847e-01 9.733000000000000540e-01 8.491999999999999549e-01
7.066404317446947636e-02 6.478175950008672190e-01 9.760999999999999677e-01 8.454000000000000403e-01
1.009295962315099604e-01 6.750970055254971181e-01 9.635000000000000231e-01 8.436000000000000165e-01
1.478191853947809220e-01 6.809913258592230623e-01 9.523000000000000353e-01 8.339999999999999636e-01
7.059729412681954586e-02 6.368605020388116156e-01 9.734000000000000430e-01 8.491999999999999549e-01
7.579708072910788796e-02 6.178706105147447891e-01 9.737000000000000099e-01 8.487999999999999989e-01
7.234595618177759591e-02 6.493435025684904938e-01 9.758999999999999897e-01 8.501999999999999558e-01
6.665980051670031270e-02 6.380960676007462196e-01 9.775000000000000355e-01 8.539999999999999813e-01
8.609549160751668595e-02 6.766054727584032147e-01 9.686000000000000165e-01 8.518000000000000016e-01
9.333074840097686786e-02 6.287732992962102863e-01 9.650999999999999579e-01 8.419999999999999707e-01
6.192581209467101777e-02 6.111918619943910169e-01 9.790999999999999703e-01 8.508000000000000007e-01
1.649829950855457028e-01 7.826259109034648942e-01 9.446999999999999842e-01 8.306000000000000050e-01
7.484044157391679664e-02 6.849367042090325208e-01 9.740999999999999659e-01 8.538000000000000034e-01
6.656557936046371415e-02 6.427318400047271618e-01 9.779999999999999805e-01 8.548000000000000043e-01
7.058671022455260957e-02 6.478272480810958189e-01 9.747000000000000108e-01 8.497999999999999998e-01
9.338609695922375775e-02 5.504929581739920197e-01 9.687000000000000055e-01 8.491999999999999549e-01
6.268160705101562258e-02 5.918724314253878127e-01 9.799999999999999822e-01 8.546000000000000263e-01
7.184990285502469709e-02 6.075216998506787203e-01 9.760999999999999677e-01 8.469999999999999751e-01
4.575606189813345021e-02 5.921556842472900373e-01 9.866000000000000325e-01 8.556000000000000272e-01
1.966336320561788698e-01 6.908359007479288882e-01 9.281000000000000361e-01 8.192000000000000393e-01
1.739302823447974877e-01 7.595791546063465072e-01 9.459999999999999520e-01 8.356000000000000094e-01
1.183774070300545184e-01 6.703479375692944497e-01 9.509999999999999565e-01 8.297999999999999821e-01
5.315224428811245877e-02 6.136031752647784776e-01 9.838000000000000078e-01 8.528000000000000025e-01
7.684722099068572176e-02 6.266266934724576965e-01 9.727999999999999980e-01 8.529999999999999805e-01
5.132993747081884828e-02 6.235634182585655383e-01 9.830999999999999739e-01 8.539999999999999813e-01
4.824044293219069413e-02 6.241425551959298712e-01 9.835000000000000409e-01 8.508000000000000007e-01
8.044033978895800963e-02 5.937461632771658948e-01 9.719999999999999751e-01 8.449999999999999734e-01
1.187743366482914564e-01 6.445519887911427270e-01 9.537999999999999812e-01 8.407999999999999918e-01
9.458777766706198686e-02 6.316784190828360623e-01 9.663000000000000478e-01 8.491999999999999549e-01
5.464053538497598561e-02 5.659982205313264236e-01 9.834000000000000519e-01 8.581999999999999629e-01
7.019022096742641437e-02 6.195397571900697065e-01 9.743000000000000549e-01 8.476000000000000201e-01
7.670636457642672490e-02 5.982354945153629533e-01 9.705000000000000293e-01 8.491999999999999549e-01
6.987559973237232602e-02 6.017231230941105791e-01 9.730999999999999650e-01 8.481999999999999540e-01
5.752611726974084932e-02 5.856947082839556451e-01 9.824000000000000510e-01 8.561999999999999611e-01
1.691721597019217038e-01 7.233356421456766938e-01 9.413000000000000256e-01 8.334000000000000297e-01
5.341491399185081118e-02 6.152919618777629163e-01 9.836000000000000298e-01 8.509999999999999787e-01
6.179407025216211019e-02 6.320203580393752851e-01 9.789999999999999813e-01 8.531999999999999584e-01
1.041976001394803453e-01 6.029429482519601535e-01 9.627999999999999892e-01 8.479999999999999760e-01
6.082434390836222171e-02 6.234857769931719806e-01 9.790999999999999703e-01 8.529999999999999805e-01
6.617806309521157004e-02 6.480357616907507223e-01 9.758999999999999897e-01 8.467999999999999972e-01
6.534542164307294287e-02 6.023931357018332822e-01 9.778000000000000025e-01 8.544000000000000483e-01
6.843910299024760779e-02 6.367258691255995862e-01 9.795000000000000373e-01 8.447999999999999954e-01
8.141276872030200895e-02 6.516901446735356984e-01 9.714000000000000412e-01 8.487999999999999989e-01
5.598714113574630030e-02 6.299429108996444926e-01 9.805000000000000382e-01 8.531999999999999584e-01
1.114086900082729981e-01 6.556005277016292432e-01 9.624000000000000332e-01 8.389999999999999680e-01
1.003736644887174012e-01 6.329189851073775408e-01 9.636000000000000121e-01 8.446000000000000174e-01
6.376844123643982121e-02 6.628199424425328390e-01 9.770999999999999686e-01 8.491999999999999549e-01
5.284099293629259536e-02 6.059921862318004004e-01 9.834000000000000519e-01 8.551999999999999602e-01
7.872893023290129799e-02 6.033854801381836053e-01 9.700999999999999623e-01 8.531999999999999584e-01
6.754480891475066195e-02 6.148943508947141146e-01 9.776000000000000245e-01 8.508000000000000007e-01
8.593743541359601112e-02 6.660805817548279828e-01 9.687000000000000055e-01 8.464000000000000412e-01
8.417296523093732719e-02 6.212353711953382263e-01 9.677999999999999936e-01 8.374000000000000332e-01
5.996731010834861070e-02 6.375843848015630977e-01 9.800999999999999712e-01 8.508000000000000007e-01
4.750381388684916245e-02 6.141140967488843971e-01 9.844000000000000528e-01 8.558000000000000052e-01
1.023778749933927229e-01 6.162971446003684406e-01 9.616999999999999993e-01 8.454000000000000403e-01
1.315599989158126593e-01 7.117583431591789633e-01 9.536999999999999922e-01 8.447999999999999954e-01
1.223023005230641086e-01 6.753126148226689107e-01 9.586000000000000076e-01 8.467999999999999972e-01
8.063321628205680214e-02 6.086287519559390180e-01 9.703000000000000513e-01 8.459999999999999742e-01
9.568222714863088008e-02 6.180241059096730494e-01 9.623000000000000442e-01 8.444000000000000394e-01
5.590792618105314138e-02 5.877904793551610441e-01 9.821999999999999620e-01 8.511999999999999567e-01
8.042894118548489513e-02 6.185579204473380388e-01 9.720999999999999641e-01 8.511999999999999567e-01
6.186885918490218211e-02 6.054749981491031052e-01 9.786000000000000254e-01 8.538000000000000034e-01
1.611992294715598184e-01 7.686689127899537510e-01 9.471000000000000529e-01 8.474000000000000421e-01
4.623570914944697546e-02 6.555899772311831741e-01 9.840999999999999748e-01 8.548000000000000043e-01
5.923239249010951030e-02 5.899975975270195239e-01 9.804000000000000492e-01 8.541999999999999593e-01
5.419982922600446312e-02 6.319368206255149278e-01 9.845000000000000417e-01 8.487999999999999989e-01
2.163408396719163074e-01 7.437894726271968571e-01 9.204999999999999849e-01 8.110000000000000542e-01
5.777736867377336605e-02 6.093061191727132675e-01 9.808000000000000052e-01 8.549999999999999822e-01
7.944558157728200121e-02 6.345242034716596091e-01 9.691999999999999504e-01 8.459999999999999742e-01
7.521536452877200518e-02 6.156951016062099935e-01 9.759999999999999787e-01 8.491999999999999549e-01
6.589905781568836107e-02 6.624517391923631093e-01 9.745000000000000329e-01 8.506000000000000227e-01
4.520778897022392079e-02 6.211019381599561795e-01 9.861999999999999655e-01 8.548000000000000043e-01
9.593228770030855224e-02 6.463659287743567239e-01 9.658999999999999808e-01 8.414000000000000368e-01
6.010287313628445011e-02 5.907021577255427980e-01 9.808000000000000052e-01 8.489999999999999769e-01
5.573714590764662635e-02 6.097643643832278970e-01 9.824000000000000510e-01 8.497999999999999998e-01
6.309468996766497140e-02 6.121453365494710086e-01 9.795000000000000373e-01 8.484000000000000430e-01
9.327779103628125457e-02 6.012963132041017067e-01 9.669999999999999707e-01 8.436000000000000165e-01
5.511092858544350270e-02 6.354469531806625771e-01 9.802999999999999492e-01 8.516000000000000236e-01
4.430171859840612708e-02 6.025769630066243332e-01 9.868999999999999995e-01 8.554000000000000492e-01
8.659306250921219861e-02 6.296022836427479508e-01 9.674000000000000377e-01 8.469999999999999751e-01
7.330385112264474479e-02 6.121797918095699398e-01 9.737000000000000099e-01 8.461999999999999522e-01
5.885800319091422095e-02 6.089157698772074134e-01 9.798000000000000043e-01 8.526000000000000245e-01
1.450857206697752921e-01 7.692300499317942242e-01 9.536999999999999922e-01 8.461999999999999522e-01
7.042406290973406147e-02 6.275724870757932727e-01 9.745000000000000329e-01 8.511999999999999567e-01
1.001814391209155941e-01 7.088337558520135806e-01 9.620999999999999552e-01 8.414000000000000368e-01
5.680325915992641417e-02 6.338116039040558869e-01 9.790999999999999703e-01 8.531999999999999584e-01
1.882531568632946906e-01 7.677907660463141326e-01 9.324999999999999956e-01 8.277999999999999803e-01
8.916023715364856939e-02 6.210312120569875249e-01 9.677999999999999936e-01 8.477999999999999980e-01
5.227328466778959765e-02 6.244400795350129041e-01 9.836000000000000298e-01 8.496000000000000218e-01
3.963890819895671269e-02 6.408501340021808268e-01 9.892999999999999572e-01 8.551999999999999602e-01
6.926252668302403104e-02 6.429681271771896522e-01 9.774000000000000465e-01 8.494000000000000439e-01
6.251157582699179427e-02 6.371096133897271585e-01 9.795000000000000373e-01 8.501999999999999558e-01
8.052907546893663115e-02 6.596681347906666604e-01 9.738999999999999879e-01 8.497999999999999998e-01
4.521102846523791796e-02 6.122076058084653383e-01 9.851999999999999647e-01 8.544000000000000483e-01
9.144944769487345360e-02 6.563104241308638231e-01 9.648999999999999799e-01 8.427999999999999936e-01
8.339977532248246672e-02 6.798600676166816070e-01 9.670999999999999597e-01 8.526000000000000245e-01
5.281888117340213101e-02 6.480707629946710346e-01 9.826000000000000290e-01 8.487999999999999989e-01
6.575393460129098921e-02 6.300057299851852255e-01 9.770999999999999686e-01 8.538000000000000034e-01
5.980302361681546358e-02 6.870312419428158401e-01 9.795000000000000373e-01 8.544000000000000483e-01
5.312026904216531759e-02 6.015614949287446667e-01 9.825000000000000400e-01 8.491999999999999549e-01
7.273582697374258998e-02 6.283554599570945198e-01 9.726000000000000201e-01 8.469999999999999751e-01
1.264935185976869547e-01 7.167780659136431254e-01 9.517999999999999794e-01 8.357999999999999874e-01
1.156350528999380844e-01 6.291626569615421660e-01 9.576000000000000068e-01 8.399999999999999689e-01
6.079512424994188563e-02 6.617939331896033339e-01 9.788999999999999924e-01 8.484000000000000430e-01
9.598320345701867595e-02 6.673393776063096805e-01 9.635000000000000231e-01 8.394000000000000350e-01
3.998036582435503944e-02 6.251158824311905393e-01 9.872999999999999554e-01 8.559999999999999831e-01
6.314709346020049019e-02 6.099469272410171783e-01 9.769999999999999796e-01 8.497999999999999998e-01
8.116492397655078461e-02 6.033412625399995344e-01 9.710999999999999632e-01 8.501999999999999558e-01
5.991716043718949003e-02 6.068365432445633756e-01 9.799999999999999822e-01 8.516000000000000236e-01
5.682194812359306346e-02 6.498833813752302735e-01 9.810999999999999721e-01 8.549999999999999822e-01
8.354192719954325885e-02 6.303799381662748003e-01 9.707999999999999963e-01 8.419999999999999707e-01
6.560742938011450420e-02 6.062700069901655331e-01 9.784000000000000474e-01 8.534000000000000474e-01
7.105007824645853676e-02 6.787614191301858391e-01 9.739999999999999769e-01 8.511999999999999567e-01
7.052763581677949645e-02 6.112373519006192302e-01 9.768999999999999906e-01 8.476000000000000201e-01
1.015571430369140715e-01 6.398600889270897873e-01 9.627000000000000002e-01 8.506000000000000227e-01
6.150704778914609788e-02 6.107762218363048667e-01 9.780999999999999694e-01 8.479999999999999760e-01
9.215244629598118298e-02 6.434581224373059349e-01 9.660999999999999588e-01 8.534000000000000474e-01
5.345743330772560059e-02 6.034225631164048531e-01 9.829999999999999849e-01 8.558000000000000052e-01
8.307280072915078362e-02 6.572323732970846155e-01 9.705000000000000293e-01 8.491999999999999549e-01
6.822378634274879616e-02 6.183915497942303885e-01 9.768999999999999906e-01 8.476000000000000201e-01
5.695698081543074803e-02 6.274828717056055716e-01 9.806000000000000272e-01 8.506000000000000227e-01
9.574919308776712323e-02 6.626667768446549145e-01 9.637000000000000011e-01 8.466000000000000192e-01
9.412192047198433831e-02 6.015024397036857762e-01 9.624000000000000332e-01 8.449999999999999734e-01
5.458013237404524265e-02 6.208044224995498128e-01 9.826000000000000290e-01 8.521999999999999575e-01
1.336082465370486139e-01 7.309703600590342631e-01 9.513000000000000345e-01 8.309999999999999609e-01
6.043938848736745556e-02 5.873853043752271796e-01 9.808999999999999941e-01 8.499999999999999778e-01
5.550764453936132825e-02 6.035027409763773498e-01 9.821999999999999620e-01 8.508000000000000007e-01
8.102256085957644516e-02 6.145784048132960642e-01 9.701999999999999513e-01 8.461999999999999522e-01
5.946956790617179134e-02 6.041455971907554456e-01 9.772999999999999465e-01 8.456000000000000183e-01
8.029816317963531236e-02 6.640190843959399292e-01 9.707000000000000073e-01 8.454000000000000403e-01
5.166242800809941332e-02 6.021528050164878243e-01 9.837000000000000188e-01 8.541999999999999593e-01
7.199825800161185896e-02 6.356218270336406739e-01 9.747000000000000108e-01 8.427999999999999936e-01
6.277322443790581130e-02 6.373498729424045273e-01 9.788000000000000034e-01 8.441999999999999504e-01
5.389388745157884519e-02 6.048452413267779715e-01 9.830999999999999739e-01 8.491999999999999549e-01
4.283213559699295542e-02 6.064342250535194045e-01 9.874000000000000554e-01 8.579999999999999849e-01
9.230620640378545128e-02 6.124962877316356691e-01 9.673000000000000487e-01 8.516000000000000236e-01
