2.026854200214626367e+00 2.028399763784868082e+00 3.841999999999999860e-01 3.735999999999999877e-01
7.948468027012277615e-01 8.128620254804964640e-01 7.223000000000000531e-01 7.189999999999999725e-01
5.947501475891439071e-01 6.382335896767397099e-01 7.832999999999999963e-01 7.711999999999999966e-01
5.216754444795456136e-01 5.788341609933435050e-01 8.149999999999999467e-01 7.925999999999999712e-01
5.275142484890296135e-01 6.023067232585582742e-01 8.143000000000000238e-01 7.927999999999999492e-01
4.970238159309993686e-01 5.649491380875202307e-01 8.144000000000000128e-01 7.860000000000000320e-01
4.373928060851676736e-01 5.156048563939910068e-01 8.423000000000000487e-01 8.164000000000000146e-01
4.182024965617360257e-01 5.162478636158284173e-01 8.515000000000000346e-01 8.182000000000000384e-01
4.913087851213056578e-01 5.655547110808394340e-01 8.154000000000000137e-01 7.885999999999999677e-01
3.945217492015959393e-01 4.926698707331463312e-01 8.580999999999999739e-01 8.222000000000000419e-01
3.915123420301690471e-01 4.908858320818073606e-01 8.628000000000000114e-01 8.309999999999999609e-01
3.936743719326799562e-01 5.048230124183965550e-01 8.511999999999999567e-01 8.092000000000000304e-01
3.608583909969943493e-01 4.772071270537419641e-01 8.710999999999999854e-01 8.306000000000000050e-01
3.745119451322194704e-01 4.950298368716736230e-01 8.625000000000000444e-01 8.195999999999999952e-01
3.365901314157814794e-01 4.503439147653903740e-01 8.774999999999999467e-01 8.396000000000000130e-01
3.322397827998059272e-01 4.707494852188052192e-01 8.780999999999999917e-01 8.289999999999999591e-01
3.191581043551315333e-01 4.398600991626317458e-01 8.870000000000000107e-01 8.409999999999999698e-01
3.338030505612826215e-01 4.772317693104006775e-01 8.712999999999999634e-01 8.329999999999999627e-01
3.072528582261858099e-01 4.417117640270491474e-01 8.884999999999999565e-01 8.471999999999999531e-01
3.001520135980626502e-01 4.495450457298960090e-01 8.870000000000000107e-01 8.387999999999999901e-01
2.889213493274987443e-01 4.332201321229600666e-01 8.975999999999999535e-01 8.491999999999999549e-01
3.195941927845848407e-01 4.623401405774802964e-01 8.787000000000000366e-01 8.327999999999999847e-01
3.004458827159759426e-01 4.544541582560577830e-01 8.879000000000000226e-01 8.369999999999999662e-01
2.821144402309981314e-01 4.295474585911590037e-01 9.010000000000000231e-01 8.441999999999999504e-01
2.854290093975849207e-01 4.703133506834521471e-01 8.944999999999999618e-01 8.357999999999999874e-01
2.902097357962867830e-01 4.586349613862668595e-01 8.914999999999999591e-01 8.349999999999999645e-01
3.063554035864813896e-01 4.957533825086802848e-01 8.836000000000000520e-01 8.356000000000000094e-01
2.500223434241266585e-01 4.400091713134475224e-01 9.062000000000000055e-01 8.471999999999999531e-01
2.547067245317528039e-01 4.467902054232880116e-01 9.052000000000000046e-01 8.471999999999999531e-01
3.093429710534372767e-01 5.134869108098956136e-01 8.766000000000000458e-01 8.185999999999999943e-01
2.482931188687258761e-01 4.449323494686289182e-01 9.122000000000000108e-01 8.481999999999999540e-01
2.660332118211653496e-01 4.866387953553702461e-01 9.018000000000000460e-01 8.364000000000000323e-01
2.558178615140196399e-01 4.808700572897926517e-01 9.039000000000000368e-01 8.401999999999999469e-01
2.691403610524295553e-01 4.988264958132838656e-01 9.012000000000000011e-01 8.409999999999999698e-01
2.509333245338386531e-01 4.717014879071236289e-01 9.082000000000000073e-01 8.424000000000000377e-01
2.696465232245848775e-01 5.045163677542910952e-01 9.010000000000000231e-01 8.421999999999999487e-01
2.333614572979819946e-01 4.527569816720924956e-01 9.153000000000000025e-01 8.476000000000000201e-01
2.136882488758868603e-01 4.736415759553634364e-01 9.223999999999999977e-01 8.431999999999999496e-01
2.378102876339420746e-01 4.603902771168408292e-01 9.099000000000000421e-01 8.394000000000000350e-01
2.295136968985209969e-01 4.774193302368595071e-01 9.172000000000000153e-01 8.461999999999999522e-01
2.153980496654357424e-01 4.692773667796375503e-01 9.236999999999999655e-01 8.501999999999999558e-01
2.222516852033881996e-01 4.549121267629729348e-01 9.202000000000000179e-01 8.447999999999999954e-01
2.045397004353184944e-01 4.565599017745047838e-01 9.264999999999999902e-01 8.466000000000000192e-01
2.238723724415716265e-01 4.600903258528237783e-01 9.191000000000000281e-01 8.419999999999999707e-01
2.013050793335274535e-01 4.535225245897249735e-01 9.270000000000000462e-01 8.518000000000000016e-01
2.031617929376149656e-01 4.810880518370451719e-01 9.235999999999999766e-01 8.459999999999999742e-01
2.099655885468001415e-01 4.793283398603804257e-01 9.233000000000000096e-01 8.447999999999999954e-01
2.475082618289414782e-01 5.374427454787964464e-01 9.066999999999999504e-01 8.317999999999999838e-01
1.875250066108491431e-01 4.862214639174619046e-01 9.320000000000000506e-01 8.499999999999999778e-01
2.080353444631272419e-01 4.751869565474898804e-01 9.255999999999999783e-01 8.406000000000000139e-01
1.852073298403836277e-01 4.366780759905062870e-01 9.354000000000000092e-01 8.539999999999999813e-01
2.439287818575342492e-01 4.934477953265158368e-01 9.072999999999999954e-01 8.319999999999999618e-01
2.216019970424731034e-01 4.868115301369587700e-01 9.169000000000000483e-01 8.379999999999999671e-01
1.703850750457431007e-01 4.812822010945795870e-01 9.386999999999999789e-01 8.528000000000000025e-01
2.085147925471831087e-01 5.057161525021146575e-01 9.243000000000000105e-01 8.376000000000000112e-01
2.104450015150400310e-01 5.071373381832874339e-01 9.225999999999999757e-01 8.437999999999999945e-01
2.020719673171861297e-01 4.706262368343906988e-01 9.251000000000000334e-01 8.454000000000000403e-01
1.750763716105762924e-01 4.780990624080317386e-01 9.364999999999999991e-01 8.491999999999999549e-01
1.534400650851504844e-01 4.733208973991762658e-01 9.462000000000000410e-01 8.528000000000000025e-01
2.047486662473583519e-01 5.091649302077061456e-01 9.217999999999999527e-01 8.349999999999999645e-01
1.717031589039766937e-01 4.764928772796645506e-01 9.354999999999999982e-01 8.526000000000000245e-01
2.782079399100715889e-01 5.631351520117765519e-01 8.871999999999999886e-01 8.147999999999999687e-01
1.684063502212023722e-01 4.823845086404825455e-01 9.389999999999999458e-01 8.446000000000000174e-01
1.674940384238527147e-01 4.982254523761631138e-01 9.388999999999999568e-01 8.529999999999999805e-01
1.654027509819288311e-01 4.893352062073922926e-01 9.416999999999999815e-01 8.504000000000000448e-01
1.775588270791148837e-01 4.897142664691309655e-01 9.354000000000000092e-01 8.469999999999999751e-01
1.853061588315876862e-01 4.911919233942614316e-01 9.300000000000000488e-01 8.404000000000000359e-01
1.802859497778071807e-01 5.292113704441111510e-01 9.316999999999999726e-01 8.376000000000000112e-01
1.749083332161587290e-01 4.602644713347563976e-01 9.399999999999999467e-01 8.514000000000000457e-01
2.095169373579331140e-01 5.696362897622530008e-01 9.212000000000000188e-01 8.312000000000000499e-01
1.529579518775239511e-01 4.831970895542508360e-01 9.428999999999999604e-01 8.489999999999999769e-01
1.466034070770101394e-01 4.847152620613003893e-01 9.475999999999999979e-01 8.548000000000000043e-01
1.687375787658652870e-01 4.999467174162076644e-01 9.385000000000000009e-01 8.446000000000000174e-01
1.504835514416484887e-01 4.966137343923049396e-01 9.451000000000000512e-01 8.501999999999999558e-01
2.064925377544346297e-01 5.443244121938625169e-01 9.243999999999999995e-01 8.327999999999999847e-01
1.618033999784092292e-01 5.319011823003580997e-01 9.413000000000000256e-01 8.476000000000000201e-01
1.828001814099152189e-01 4.903405555272282723e-01 9.292000000000000259e-01 8.384000000000000341e-01
1.509421148105201393e-01 4.807204541568288469e-01 9.445999999999999952e-01 8.497999999999999998e-01
1.343597873697878475e-01 5.151800671934673170e-01 9.516999999999999904e-01 8.504000000000000448e-01
1.560154109467123684e-01 5.205566332640453320e-01 9.444000000000000172e-01 8.514000000000000457e-01
1.932840247968009295e-01 5.198773672469746421e-01 9.229000000000000536e-01 8.407999999999999918e-01
1.199495618202800207e-01 4.814625221856107529e-01 9.612000000000000544e-01 8.546000000000000263e-01
1.609325264155841151e-01 5.340713041182723053e-01 9.416999999999999815e-01 8.366000000000000103e-01
1.415400253151916921e-01 4.968891107068489910e-01 9.496999999999999886e-01 8.487999999999999989e-01
1.434221110880491978e-01 5.176309770764495610e-01 9.483000000000000318e-01 8.474000000000000421e-01
1.560132695663465630e-01 5.402326202492920837e-01 9.475999999999999979e-01 8.454000000000000403e-01
1.433672765960135043e-01 5.031096562882642065e-01 9.477999999999999758e-01 8.501999999999999558e-01
2.099793595831517812e-01 5.142055137784468100e-01 9.196999999999999620e-01 8.344000000000000306e-01
1.387005313334220835e-01 5.231577418501064392e-01 9.486999999999999877e-01 8.497999999999999998e-01
1.201207502551078915e-01 4.959276094267104917e-01 9.596999999999999975e-01 8.521999999999999575e-01
1.496327318047782629e-01 4.925808002423123222e-01 9.489999999999999547e-01 8.466000000000000192e-01
1.704743390176816642e-01 5.371161816058213079e-01 9.389999999999999458e-01 8.386000000000000121e-01
1.285177278589246241e-01 5.466768327170189457e-01 9.516000000000000014e-01 8.511999999999999567e-01
1.851824925646087805e-01 5.819440690934426508e-01 9.313000000000000167e-01 8.404000000000000359e-01
1.752195279159205477e-01 5.477692075435101060e-01 9.324000000000000066e-01 8.332000000000000517e-01
1.283383966915213059e-01 5.102213556200969613e-01 9.560999999999999499e-01 8.494000000000000439e-01
1.871058870339955271e-01 5.337305305702614300e-01 9.370000000000000551e-01 8.411999999999999478e-01
1.879818925497111215e-01 5.962883560922066506e-01 9.283000000000000140e-01 8.356000000000000094e-01
1.373970004155538049e-01 5.165332859682330024e-01 9.513000000000000345e-01 8.506000000000000227e-01
1.874990276686424873e-01 5.671547050389373901e-01 9.284000000000000030e-01 8.356000000000000094e-01
1.570889752153067642e-01 6.178641212663465998e-01 9.387999999999999678e-01 8.379999999999999671e-01
1.605158037937103599e-01 5.825474802506571681e-01 9.415000000000000036e-01 8.344000000000000306e-01
1.525289418601415981e-01 5.837677256348569044e-01 9.398999999999999577e-01 8.411999999999999478e-01
1.531833989351751302e-01 5.717888578489163098e-01 9.487999999999999767e-01 8.456000000000000183e-01
1.654872110119613438e-01 6.019723261059918284e-01 9.378999999999999559e-01 8.441999999999999504e-01
1.432825458423454268e-01 5.237215657885768705e-01 9.476999999999999869e-01 8.471999999999999531e-01
1.088574501852946075e-01 4.996089751726172645e-01 9.620999999999999552e-01 8.521999999999999575e-01
1.239857893719549520e-01 5.531751362955413809e-01 9.533000000000000362e-01 8.439999999999999725e-01
1.459676635665753675e-01 5.463132536165947739e-01 9.482000000000000428e-01 8.431999999999999496e-01
1.335820283931968555e-01 5.530636195857848714e-01 9.513000000000000345e-01 8.421999999999999487e-01
1.340953556072644881e-01 5.338278140088176249e-01 9.502000000000000446e-01 8.454000000000000403e-01
1.681706889074284506e-01 5.435822668442924499e-01 9.375000000000000000e-01 8.454000000000000403e-01
1.014393520041699109e-01 5.249253386749842543e-01 9.637999999999999901e-01 8.571999999999999620e-01
1.445712627842763720e-01 5.895737820767958937e-01 9.476999999999999869e-01 8.477999999999999980e-01
1.268188127853382419e-01 5.714981527917749604e-01 9.533000000000000362e-01 8.516000000000000236e-01
1.750025278734045342e-01 5.832657357987948155e-01 9.305999999999999828e-01 8.417999999999999927e-01
1.324657398908480332e-01 5.189184127833231797e-01 9.489999999999999547e-01 8.494000000000000439e-01
1.187391078429007180e-01 5.379096269267586994e-01 9.593000000000000416e-01 8.496000000000000218e-01
1.235099865324058716e-01 5.446562256001497015e-01 9.556999999999999940e-01 8.426000000000000156e-01
1.559089716333122988e-01 6.203676947050171808e-01 9.434000000000000163e-01 8.434000000000000385e-01
1.027002600830134033e-01 5.422312052104252267e-01 9.639999999999999680e-01 8.539999999999999813e-01
1.764520138791803583e-01 6.057510715888072550e-01 9.323000000000000176e-01 8.367999999999999883e-01
1.326168910430392256e-01 5.326860435055750242e-01 9.506000000000000005e-01 8.439999999999999725e-01
1.453424828457896278e-01 5.816129952010876680e-01 9.441000000000000503e-01 8.461999999999999522e-01
1.356436389574623980e-01 6.019134987789744873e-01 9.503000000000000336e-01 8.431999999999999496e-01
1.406808467915245386e-01 5.521154702005741655e-01 9.473000000000000309e-01 8.401999999999999469e-01
1.285981841112337765e-01 6.039826070653754320e-01 9.500999999999999446e-01 8.421999999999999487e-01
1.246223834919345796e-01 5.757545697971842014e-01 9.519999999999999574e-01 8.486000000000000210e-01
1.427325297572070717e-01 5.762032238370198289e-01 9.427999999999999714e-01 8.441999999999999504e-01
1.158923869993210981e-01 4.996300200326272978e-01 9.620999999999999552e-01 8.539999999999999813e-01
1.248383875106418850e-01 5.624628596212533083e-01 9.544000000000000261e-01 8.459999999999999742e-01
1.601899060038902423e-01 5.897961831205786876e-01 9.365999999999999881e-01 8.326000000000000068e-01
1.182948449983297623e-01 5.959565979633183463e-01 9.569999999999999618e-01 8.509999999999999787e-01
1.009725500836836931e-01 5.466281131518160308e-01 9.647999999999999909e-01 8.561999999999999611e-01
1.132488949874237288e-01 5.397140968320703891e-01 9.572000000000000508e-01 8.501999999999999558e-01
1.354565279764686769e-01 5.278496966885146691e-01 9.546000000000000041e-01 8.407999999999999918e-01
1.023733054873730564e-01 5.708555574156974899e-01 9.637999999999999901e-01 8.581999999999999629e-01
1.376507797278802292e-01 5.630345401646672521e-01 9.466999999999999860e-01 8.476000000000000201e-01
1.184851936779789811e-01 5.586230506735708756e-01 9.582000000000000517e-01 8.524000000000000465e-01
1.272355522238663994e-01 5.530838991760482770e-01 9.544000000000000261e-01 8.476000000000000201e-01
1.520268935830291490e-01 6.276461331834903845e-01 9.423000000000000265e-01 8.377999999999999892e-01
1.181075489058788647e-01 5.599314357787253948e-01 9.546999999999999931e-01 8.521999999999999575e-01
1.237463583280672547e-01 5.775462269469975318e-01 9.556999999999999940e-01 8.477999999999999980e-01
1.080684197205420971e-01 5.974374975146125033e-01 9.597999999999999865e-01 8.509999999999999787e-01
1.377361265194432249e-01 5.907532392650507447e-01 9.471000000000000529e-01 8.466000000000000192e-01
1.072773691878859542e-01 5.857477534331548830e-01 9.635000000000000231e-01 8.446000000000000174e-01
7.840512667213303533e-02 5.244642022112058211e-01 9.758999999999999897e-01 8.554000000000000492e-01
9.372867188771960567e-02 5.644456317749960705e-01 9.658999999999999808e-01 8.558000000000000052e-01
1.355315032333202774e-01 5.370989303605784304e-01 9.493000000000000327e-01 8.461999999999999522e-01
1.142416856306901762e-01 5.453357044620593674e-01 9.594000000000000306e-01 8.496000000000000218e-01
1.213173252999586171e-01 5.356093031632425117e-01 9.596999999999999975e-01 8.487999999999999989e-01
1.215597084369235553e-01 5.734706555788926519e-01 9.548999999999999710e-01 8.474000000000000421e-01
1.078217987248633741e-01 5.510571464783710072e-01 9.624000000000000332e-01 8.427999999999999936e-01
1.441435591098801650e-01 5.361974989440161377e-01 9.487999999999999767e-01 8.476000000000000201e-01
1.132453901253347162e-01 5.601571151905727630e-01 9.599999999999999645e-01 8.551999999999999602e-01
8.328352171770272983e-02 5.383879656298224958e-01 9.727999999999999980e-01 8.538000000000000034e-01
1.036532090380637150e-01 5.581817890603282262e-01 9.628999999999999782e-01 8.494000000000000439e-01
1.017709117447883060e-01 5.421443050039055356e-01 9.649999999999999689e-01 8.509999999999999787e-01
1.084613171264376952e-01 5.734270939793711941e-01 9.606999999999999984e-01 8.511999999999999567e-01
1.504509604645431486e-01 5.959493405361651064e-01 9.412000000000000366e-01 8.406000000000000139e-01
9.628779223195838011e-02 5.556729046798567495e-01 9.670999999999999597e-01 8.504000000000000448e-01
7.053683055533623014e-02 5.640615772449654175e-01 9.755000000000000338e-01 8.618000000000000105e-01
9.433467994187726136e-02 5.652933885542293924e-01 9.675000000000000266e-01 8.489999999999999769e-01
1.314899333410288473e-01 5.856599321739999198e-01 9.504000000000000226e-01 8.436000000000000165e-01
1.739518995053201955e-01 5.910489701983756561e-01 9.323000000000000176e-01 8.316000000000000059e-01
1.587288381646864699e-01 6.723253392316818067e-01 9.405000000000000027e-01 8.439999999999999725e-01
1.200112185043570173e-01 6.154838589968245621e-01 9.566999999999999948e-01 8.416000000000000147e-01
9.651643369017341711e-02 5.572360471571407015e-01 9.646000000000000130e-01 8.558000000000000052e-01
1.038000252359996961e-01 5.654547247433512336e-01 9.613000000000000433e-01 8.469999999999999751e-01
1.014937598013031239e-01 5.626109210614104184e-01 9.628999999999999782e-01 8.487999999999999989e-01
1.037154316387346453e-01 5.941510162922346572e-01 9.599999999999999645e-01 8.484000000000000430e-01
1.071243192220041190e-01 6.227350072865481811e-01 9.595000000000000195e-01 8.479999999999999760e-01
8.178519717487668650e-02 5.700013658006523043e-01 9.727999999999999980e-01 8.524000000000000465e-01
1.210628693399768002e-01 6.386358759351836722e-01 9.573000000000000398e-01 8.417999999999999927e-01
1.293353467316971650e-01 5.802122991339889735e-01 9.496999999999999886e-01 8.364000000000000323e-01
7.441620433160471559e-02 5.306025028130260113e-01 9.779999999999999805e-01 8.558000000000000052e-01
8.567454368549931587e-02 5.513231762559064331e-01 9.703000000000000513e-01 8.494000000000000439e-01
2.013432743639822498e-01 7.300294356147304375e-01 9.284999999999999920e-01 8.249999999999999556e-01
1.005031942024533220e-01 5.766139647742669627e-01 9.657000000000000028e-01 8.511999999999999567e-01
8.517981319326310696e-02 5.754003497897474118e-01 9.695000000000000284e-01 8.606000000000000316e-01
1.099499292605991274e-01 5.397285453379374598e-01 9.595000000000000195e-01 8.504000000000000448e-01
1.061613811056413004e-01 5.746026049587951157e-01 9.624000000000000332e-01 8.496000000000000218e-01
1.067488906386383912e-01 5.710482437178567849e-01 9.628999999999999782e-01 8.531999999999999584e-01
1.575634426495324536e-01 6.785160992482922593e-01 9.385999999999999899e-01 8.456000000000000183e-01
9.882617153251162245e-02 5.923844842702917779e-01 9.650999999999999579e-01 8.514000000000000457e-01
2.037362719760877905e-01 6.747586175993276481e-01 9.261000000000000343e-01 8.357999999999999874e-01
1.009482909810351658e-01 6.205099742932541629e-01 9.643000000000000460e-01 8.467999999999999972e-01
1.213645976447497582e-01 5.996667455969961757e-01 9.554000000000000270e-01 8.454000000000000403e-01
9.116184295073509469e-02 5.909358941694212719e-01 9.688999999999999835e-01 8.446000000000000174e-01
8.552163808789749189e-02 5.423017973180218609e-01 9.697000000000000064e-01 8.528000000000000025e-01
9.644395617544976318e-02 5.883362470819382128e-01 9.607999999999999874e-01 8.487999999999999989e-01
8.610106683265571215e-02 5.672191476846548674e-01 9.707000000000000073e-01 8.521999999999999575e-01
7.133180910511557893e-02 5.546248629251502305e-01 9.786000000000000254e-01 8.524000000000000465e-01
1.024901920396047855e-01 5.670675327900144280e-01 9.627000000000000002e-01 8.441999999999999504e-01
8.376750225889019463e-02 5.602847829798931478e-01 9.724000000000000421e-01 8.509999999999999787e-01
1.048593027686679502e-01 6.373324440460252926e-01 9.622000000000000552e-01 8.506000000000000227e-01
9.845768988021627588e-02 6.112855146195722567e-01 9.647000000000000020e-01 8.434000000000000385e-01
1.158126930526735543e-01 6.219055301971009309e-01 9.570999999999999508e-01 8.429999999999999716e-01
7.373233197563532071e-02 5.839055130102013269e-01 9.729999999999999760e-01 8.528000000000000025e-01
8.960745785585642886e-02 5.973196379791719801e-01 9.677000000000000046e-01 8.506000000000000227e-01
8.349826654674424864e-02 5.760510805511118715e-01 9.707999999999999963e-01 8.546000000000000263e-01
8.189011102391476060e-02 5.477832395053136016e-01 9.737000000000000099e-01 8.544000000000000483e-01
1.029494714574053366e-01 5.466645348821759232e-01 9.661999999999999478e-01 8.461999999999999522e-01
1.009442713725104968e-01 5.998763340042740921e-01 9.625000000000000222e-01 8.508000000000000007e-01
9.215168503803757016e-02 5.717776148211319853e-01 9.680999999999999606e-01 8.511999999999999567e-01
7.230502082016286580e-02 5.499719115247471146e-01 9.774000000000000465e-01 8.561999999999999611e-01
1.239409302627529075e-01 6.686201875145832974e-01 9.548999999999999710e-01 8.416000000000000147e-01
1.641463812628034813e-01 6.932790005480398143e-01 9.398999999999999577e-01 8.376000000000000112e-01
8.864224211467604253e-02 5.648790106213360529e-01 9.694000000000000394e-01 8.474000000000000421e-01
9.205766822067727728e-02 5.968396165971766587e-01 9.687000000000000055e-01 8.546000000000000263e-01
8.192465946993959802e-02 5.640926867762549035e-01 9.698999999999999844e-01 8.561999999999999611e-01
8.179922163971017901e-02 5.651208595796551881e-01 9.728999999999999870e-01 8.496000000000000218e-01
8.766178748973836587e-02 5.914487595238097084e-01 9.696000000000000174e-01 8.439999999999999725e-01
1.072713841962639886e-01 5.820874647852771755e-01 9.616000000000000103e-01 8.454000000000000403e-01
1.932561248545495713e-01 7.202849403389256500e-01 9.261000000000000343e-01 8.247999999999999776e-01
6.819134194122650205e-02 5.710917156480188606e-01 9.780999999999999694e-01 8.539999999999999813e-01
7.599826458805832019e-02 5.604305073086760514e-01 9.727999999999999980e-01 8.549999999999999822e-01
1.112341221548451137e-01 6.473631089693957508e-01 9.579999999999999627e-01 8.444000000000000394e-01
1.265572414256046496e-01 5.825611305249120964e-01 9.528999999999999693e-01 8.451999999999999513e-01
1.660542739823021585e-01 7.172060811372289457e-01 9.378999999999999559e-01 8.357999999999999874e-01
5.841615366179937763e-02 5.637030076320560523e-01 9.822999999999999510e-01 8.596000000000000307e-01
1.314429992117521484e-01 6.127015013675946031e-01 9.543000000000000371e-01 8.426000000000000156e-01
1.488748857921470825e-01 6.678118960681392879e-01 9.422000000000000375e-01 8.316000000000000059e-01
1.043463253722052009e-01 5.632036906065568393e-01 9.614000000000000323e-01 8.436000000000000165e-01
1.096039820207623250e-01 5.744165526787841092e-01 9.619999999999999662e-01 8.487999999999999989e-01
9.350369396598333382e-02 6.466294467064815921e-01 9.635000000000000231e-01 8.451999999999999513e-01
8.290408986498257193e-02 5.965266549791116146e-01 9.708999999999999853e-01 8.457999999999999963e-01
8.776394625041605835e-02 5.914420558703870068e-01 9.679999999999999716e-01 8.484000000000000430e-01
1.457033097488772966e-01 6.492453196651131186e-01 9.477999999999999758e-01 8.446000000000000174e-01
1.050505773017325339e-01 6.136758114404778919e-01 9.636000000000000121e-01 8.434000000000000385e-01
8.207647953450697420e-02 5.837077540723379920e-01 9.714000000000000412e-01 8.584000000000000519e-01
8.508995063179712603e-02 5.974637494697168094e-01 9.684000000000000385e-01 8.496000000000000218e-01
6.858786312881261227e-02 5.735309270659496583e-01 9.800999999999999712e-01 8.471999999999999531e-01
7.047642738996746925e-02 5.614885958600254190e-01 9.758000000000000007e-01 8.526000000000000245e-01
8.331621241330830485e-02 6.147284245324518004e-01 9.717000000000000082e-01 8.526000000000000245e-01
8.872717041348641975e-02 5.888974096252158619e-01 9.696000000000000174e-01 8.536000000000000254e-01
8.647977035452199257e-02 5.592541796752278360e-01 9.715000000000000302e-01 8.477999999999999980e-01
6.620400323144512433e-02 5.571278180997025764e-01 9.790999999999999703e-01 8.598000000000000087e-01
8.798744240607342393e-02 5.787258192645325927e-01 9.695000000000000284e-01 8.521999999999999575e-01
1.655059155201116239e-01 7.085579942503381634e-01 9.401000000000000467e-01 8.356000000000000094e-01
9.615129507740630133e-02 6.003954456716990018e-01 9.643000000000000460e-01 8.538000000000000034e-01
8.992604845373486366e-02 6.099589167062189343e-01 9.676000000000000156e-01 8.516000000000000236e-01
8.728508308336538346e-02 5.926424598509605346e-01 9.706000000000000183e-01 8.427999999999999936e-01
1.520488620820038828e-01 6.254305557252047842e-01 9.391000000000000458e-01 8.272000000000000464e-01
7.365945569083159894e-02 6.231191145713894652e-01 9.739999999999999769e-01 8.518000000000000016e-01
5.863182905131979206e-02 5.846493227601052833e-01 9.828999999999999959e-01 8.548000000000000043e-01
9.691765296705084909e-02 5.769138272274775270e-01 9.654000000000000359e-01 8.506000000000000227e-01
8.318568322504051038e-02 5.662277242341483552e-01 9.734000000000000430e-01 8.508000000000000007e-01
9.126963114200475902e-02 5.948123877019716454e-01 9.674000000000000377e-01 8.484000000000000430e-01
1.229266531299432058e-01 6.496949138424171766e-01 9.544000000000000261e-01 8.372000000000000552e-01
1.217233082377172648e-01 6.872207606796060242e-01 9.566999999999999948e-01 8.397999999999999909e-01
8.874688468689553855e-02 5.998799066300404270e-01 9.707999999999999963e-01 8.449999999999999734e-01
1.232388393308810892e-01 6.974066758394060761e-01 9.505000000000000115e-01 8.416000000000000147e-01
9.721584399078175842e-02 6.533932889135787292e-01 9.657000000000000028e-01 8.496000000000000218e-01
1.255737688926324980e-01 6.650381120893412712e-01 9.526000000000000023e-01 8.389999999999999680e-01
8.329420715617545656e-02 6.065252477197926595e-01 9.705000000000000293e-01 8.501999999999999558e-01
7.849905873230156317e-02 6.139782256325739818e-01 9.734000000000000430e-01 8.497999999999999998e-01
6.528736333810482295e-02 5.899923689819934758e-01 9.782999999999999474e-01 8.499999999999999778e-01
6.558838831457554364e-02 5.837663264179984157e-01 9.787000000000000144e-01 8.518000000000000016e-01
7.931007968346041881e-02 6.241763924728286339e-01 9.703000000000000513e-01 8.469999999999999751e-01
7.614555256912063086e-02 5.939398647430546019e-01 9.718999999999999861e-01 8.541999999999999593e-01
1.054750434540110693e-01 6.367132826463750561e-01 9.627000000000000002e-01 8.479999999999999760e-01
8.737114686504314498e-02 5.735146305080166540e-01 9.706000000000000183e-01 8.441999999999999504e-01
9.725995201931524059e-02 6.134338902096319046e-01 9.664000000000000368e-01 8.421999999999999487e-01
8.019505394894026196e-02 6.375750750726461025e-01 9.704000000000000403e-01 8.427999999999999936e-01
8.336759470298865660e-02 6.029347298064972049e-01 9.681999999999999496e-01 8.511999999999999567e-01
8.164825230959280034e-02 5.870386600640778996e-01 9.709999999999999742e-01 8.506000000000000227e-01
1.953835271790158867e-01 7.152050485292444915e-01 9.229000000000000536e-01 8.292000000000000481e-01
8.452489480458230675e-02 5.604430028037252765e-01 9.701999999999999513e-01 8.528000000000000025e-01
7.979225013630239505e-02 6.241166689064583384e-01 9.701999999999999513e-01 8.529999999999999805e-01
6.679517884691296703e-02 6.309016350004037488e-01 9.772999999999999465e-01 8.531999999999999584e-01
8.744299837716695833e-02 6.045211933568127582e-01 9.687999999999999945e-01 8.504000000000000448e-01
6.535786423373085574e-02 5.701368152557867441e-01 9.768999999999999906e-01 8.551999999999999602e-01
9.830052567228761418e-02 6.031645254292236080e-01 9.655000000000000249e-01 8.496000000000000218e-01
7.780017329054592090e-02 6.233908238834479087e-01 9.730999999999999650e-01 8.511999999999999567e-01
1.138057760721692124e-01 6.231730273676909793e-01 9.577999999999999847e-01 8.447999999999999954e-01
6.035286330653222980e-02 5.629314904599314051e-01 9.818000000000000060e-01 8.566000000000000281e-01
1.328938465753841391e-01 6.219924606726721095e-01 9.488999999999999657e-01 8.454000000000000403e-01
8.613775536398426969e-02 6.184576159032068032e-01 9.689999999999999725e-01 8.524000000000000465e-01
1.120777769459285478e-01 6.934026121863980929e-01 9.638999999999999790e-01 8.504000000000000448e-01
1.108968722612943825e-01 6.660381076450792026e-01 9.586000000000000076e-01 8.437999999999999945e-01
9.268253619934808951e-02 5.974781913254350041e-01 9.664000000000000368e-01 8.479999999999999760e-01
8.374670972470119046e-02 5.590560078345946371e-01 9.718999999999999861e-01 8.491999999999999549e-01
6.354008516476043755e-02 5.888648276625473299e-01 9.787000000000000144e-01 8.536000000000000254e-01
7.219665002607909832e-02 6.109469391884368994e-01 9.737000000000000099e-01 8.489999999999999769e-01
7.156985520931448408e-02 6.187838781943137967e-01 9.759999999999999787e-01 8.528000000000000025e-01
1.206847434176457207e-01 6.351579907682689541e-01 9.576999999999999957e-01 8.456000000000000183e-01
1.127213529353880417e-01 6.095337616943296011e-01 9.608999999999999764e-01 8.397999999999999909e-01
1.121839328386965429e-01 6.619523256655512888e-01 9.597999999999999865e-01 8.461999999999999522e-01
5.843397617918372894e-02 6.036048787270532623e-01 9.804000000000000492e-01 8.528000000000000025e-01
6.877021933652902042e-02 5.872817816135129654e-01 9.770999999999999686e-01 8.606000000000000316e-01
8.886149330191757401e-02 6.162004592373884204e-01 9.697999999999999954e-01 8.486000000000000210e-01
7.786663209469242564e-02 5.983485238650388949e-01 9.738999999999999879e-01 8.516000000000000236e-01
5.066652122061372082e-02 5.533358703397827094e-01 9.870999999999999774e-01 8.601999999999999647e-01
1.061675352802263494e-01 6.077796077274814079e-01 9.605000000000000204e-01 8.461999999999999522e-01
7.667223408604699475e-02 5.873752586734058978e-01 9.750999999999999668e-01 8.528000000000000025e-01
6.810782601623645294e-02 5.814897300541769232e-01 9.765000000000000346e-01 8.536000000000000254e-01
6.475782077127049952e-02 6.071479311603233953e-01 9.767000000000000126e-01 8.511999999999999567e-01
1.171585168127816795e-01 6.812150330663102604e-01 9.564000000000000279e-01 8.389999999999999680e-01
1.486029426756752536e-01 6.363698060231759435e-01 9.463000000000000300e-01 8.389999999999999680e-01
9.077879064116525787e-02 6.154930256013146916e-01 9.683000000000000496e-01 8.524000000000000465e-01
7.311298596795881566e-02 6.260286195969336775e-01 9.758000000000000007e-01 8.516000000000000236e-01
1.025623093045083117e-01 6.856277468236816608e-01 9.605000000000000204e-01 8.451999999999999513e-01
7.444340218504717777e-02 6.286426404621657804e-01 9.738999999999999879e-01 8.469999999999999751e-01
6.145537888276962624e-02 5.535513714770616822e-01 9.832999999999999519e-01 8.559999999999999831e-01
6.058624678914005524e-02 6.174294163384521639e-01 9.791999999999999593e-01 8.524000000000000465e-01
7.516099319169868009e-02 5.958769357463762351e-01 9.758000000000000007e-01 8.499999999999999778e-01
7.339930203035167910e-02 5.958000449751027494e-01 9.759999999999999787e-01 8.508000000000000007e-01
1.045678609902447598e-01 5.851108416688357572e-01 9.594000000000000306e-01 8.456000000000000183e-01
5.234392319650498643e-02 6.172942806548256112e-01 9.842999999999999527e-01 8.599999999999999867e-01
8.009006153623789148e-02 6.175715261500842601e-01 9.714000000000000412e-01 8.558000000000000052e-01
7.285523020636383573e-02 5.867492889726567684e-01 9.754000000000000448e-01 8.561999999999999611e-01
9.297232175932712561e-02 6.708736897191479587e-01 9.688999999999999835e-01 8.521999999999999575e-01
1.038535207897151452e-01 5.970077214112446962e-01 9.631999999999999451e-01 8.481999999999999540e-01
1.001036861651251747e-01 6.284862433799711656e-01 9.660999999999999588e-01 8.454000000000000403e-01
6.208948453072898888e-02 6.116019314928150541e-01 9.785000000000000364e-01 8.496000000000000218e-01
1.296751205048233824e-01 6.599357355704450478e-01 9.466999999999999860e-01 8.372000000000000552e-01
5.739446117741454217e-02 5.466461520361480808e-01 9.838999999999999968e-01 8.571999999999999620e-01
7.955301497824077139e-02 5.900804749825198092e-01 9.718999999999999861e-01 8.477999999999999980e-01
1.014314130863036845e-01 5.690421242756527054e-01 9.656000000000000139e-01 8.457999999999999963e-01
7.294750096290861241e-02 6.031909398132305755e-01 9.768999999999999906e-01 8.504000000000000448e-01
1.053545736386806708e-01 6.417622124806197093e-01 9.606999999999999984e-01 8.429999999999999716e-01
1.080391036540821054e-01 6.504948630308666768e-01 9.637000000000000011e-01 8.431999999999999496e-01
8.084452069959335851e-02 6.358431297656755854e-01 9.727999999999999980e-01 8.437999999999999945e-01
1.071925870734514313e-01 6.035361336946846178e-01 9.629999999999999671e-01 8.456000000000000183e-01
1.410082495932997171e-01 7.877287159344589229e-01 9.459999999999999520e-01 8.322000000000000508e-01
1.015216147536185248e-01 6.616208380066642691e-01 9.630999999999999561e-01 8.489999999999999769e-01
6.831267848587881109e-02 6.011659402266414931e-01 9.757000000000000117e-01 8.596000000000000307e-01
1.972326524995316466e-01 7.612524825635045289e-01 9.237999999999999545e-01 8.165999999999999925e-01
8.343384697777424253e-02 6.121931550145340850e-01 9.703000000000000513e-01 8.489999999999999769e-01
7.199597402125826329e-02 6.034044493703860645e-01 9.752999999999999448e-01 8.496000000000000218e-01
1.642348012353016806e-01 7.389416490319022923e-01 9.378999999999999559e-01 8.352000000000000535e-01
1.139164889771212136e-01 6.542007951602818450e-01 9.599999999999999645e-01 8.407999999999999918e-01
1.363650901064742127e-01 6.410948237759568347e-01 9.424000000000000155e-01 8.379999999999999671e-01
5.711100061658173910e-02 5.930051129616733530e-01 9.824000000000000510e-01 8.508000000000000007e-01
5.943306611358350339e-02 5.950649119212998439e-01 9.804000000000000492e-01 8.576000000000000290e-01
6.596502364701772869e-02 5.960984236293598304e-01 9.778000000000000025e-01 8.534000000000000474e-01
6.673337233817819292e-02 6.398885844632006270e-01 9.761999999999999567e-01 8.504000000000000448e-01
9.359598209595906826e-02 6.435817530268036490e-01 9.656000000000000139e-01 8.429999999999999716e-01
6.678438315397756952e-02 6.078244897963691606e-01 9.775000000000000355e-01 8.518000000000000016e-01
7.357551380741524094e-02 6.192571986949964025e-01 9.750999999999999668e-01 8.464000000000000412e-01
9.014728653186118712e-02 6.481066424604013942e-01 9.667000000000000037e-01 8.534000000000000474e-01
6.545130759113179653e-02 5.847772258707040205e-01 9.782999999999999474e-01 8.534000000000000474e-01
1.095009816098279076e-01 6.566438077557418262e-01 9.567999999999999838e-01 8.389999999999999680e-01
7.111559600982453322e-02 6.095390200636877642e-01 9.757000000000000117e-01 8.511999999999999567e-01
5.665960754562199969e-02 6.444224195520806830e-01 9.828999999999999959e-01 8.504000000000000448e-01
6.559245624291384913e-02 6.360467408316043958e-01 9.771999999999999575e-01 8.528000000000000025e-01
6.429303939796654488e-02 5.527374197242339582e-01 9.818000000000000060e-01 8.579999999999999849e-01
8.680991961985999594e-02 6.549395648474650722e-01 9.686000000000000165e-01 8.467999999999999972e-01
1.300715194996902579e-01 6.455360197432167269e-01 9.498999999999999666e-01 8.367999999999999883e-01
7.364974759924637626e-02 6.231045720304518865e-01 9.767000000000000126e-01 8.521999999999999575e-01
6.038106897826871905e-02 6.009181471439934974e-01 9.812999999999999501e-01 8.614000000000000545e-01
4.006140541279315515e-02 6.069534610636755367e-01 9.896000000000000352e-01 8.564000000000000501e-01
5.567826391131010244e-02 5.738323892539041182e-01 9.831999999999999629e-01 8.531999999999999584e-01
1.306101831089307441e-01 6.671952400802145799e-01 9.496999999999999886e-01 8.334000000000000297e-01
1.235763919854958454e-01 6.293767976476830617e-01 9.523000000000000353e-01 8.386000000000000121e-01
7.491500247665691670e-02 6.135303044332798272e-01 9.727999999999999980e-01 8.536000000000000254e-01
7.514157908709355460e-02 6.038558711155151970e-01 9.737999999999999989e-01 8.586000000000000298e-01
8.887678898069834021e-02 5.999622434653795189e-01 9.694000000000000394e-01 8.457999999999999963e-01
9.396273111668021483e-02 6.193435726911706851e-01 9.660999999999999588e-01 8.508000000000000007e-01
8.709332756252415042e-02 6.006766431358625535e-01 9.694000000000000394e-01 8.447999999999999954e-01
8.773438553925605454e-02 5.904210497433644012e-01 9.684000000000000385e-01 8.489999999999999769e-01
8.180102613814969892e-02 5.641853154984517449e-01 9.727999999999999980e-01 8.476000000000000201e-01
1.005278136820520751e-01 6.538749828358458860e-01 9.618999999999999773e-01 8.461999999999999522e-01
7.824834413494116681e-02 6.469604893138731772e-01 9.721999999999999531e-01 8.521999999999999575e-01
8.996523073392467817e-02 6.302441390980496605e-01 9.657000000000000028e-01 8.416000000000000147e-01
1.915242993481828249e-01 7.865642229112994599e-01 9.301000000000000378e-01 8.217999999999999750e-01
8.429570711454051346e-02 6.017661372082047100e-01 9.698999999999999844e-01 8.499999999999999778e-01
7.026814714831937370e-02 6.467583855141169069e-01 9.744000000000000439e-01 8.541999999999999593e-01
6.623367944002572782e-02 6.447816461006117272e-01 9.760999999999999677e-01 8.466000000000000192e-01
8.152629901257141265e-02 6.788439834299907494e-01 9.694000000000000394e-01 8.484000000000000430e-01
1.067742588923918379e-01 6.285650959899343748e-01 9.586999999999999966e-01 8.446000000000000174e-01
1.371351917780496976e-01 7.232084816466324284e-01 9.512000000000000455e-01 8.284000000000000252e-01
9.062531447244895344e-02 6.423080355535657482e-01 9.693000000000000504e-01 8.419999999999999707e-01
1.016906037718659506e-01 6.738985167814708355e-01 9.638999999999999790e-01 8.421999999999999487e-01
1.219282832591046806e-01 6.723402083445720878e-01 9.522000000000000464e-01 8.391999999999999460e-01
9.526141256324828499e-02 6.160445990472041000e-01 9.661999999999999478e-01 8.427999999999999936e-01
6.166438039039908586e-02 6.239363223762075528e-01 9.790999999999999703e-01 8.477999999999999980e-01
8.387049758901989061e-02 6.536643767330547750e-01 9.711999999999999522e-01 8.564000000000000501e-01
9.600847807856187355e-02 6.251242608720579685e-01 9.641999999999999460e-01 8.479999999999999760e-01
7.328415981067083751e-02 5.676758983159335692e-01 9.757000000000000117e-01 8.556000000000000272e-01
6.639428494866676800e-02 6.319600816209712812e-01 9.761999999999999567e-01 8.569999999999999840e-01
8.251163047544103624e-02 6.148180932941409438e-01 9.708999999999999853e-01 8.511999999999999567e-01
7.509216587782371888e-02 6.130241025538273325e-01 9.734000000000000430e-01 8.487999999999999989e-01
1.109474094399914984e-01 6.210530584971851731e-01 9.586999999999999966e-01 8.431999999999999496e-01
1.020306134180166552e-01 5.970424068256470207e-01 9.623000000000000442e-01 8.454000000000000403e-01
7.165150343025472601e-02 6.219557024224068309e-01 9.738999999999999879e-01 8.514000000000000457e-01
6.573189273952871614e-02 6.331230902336556499e-01 9.758999999999999897e-01 8.561999999999999611e-01
1.061162810739751661e-01 7.188247541129294538e-01 9.616999999999999993e-01 8.367999999999999883e-01
9.536225253804914148e-02 6.710398779646191691e-01 9.660999999999999588e-01 8.476000000000000201e-01
8.568702815101268688e-02 6.992657134530299023e-01 9.675000000000000266e-01 8.484000000000000430e-01
1.179316819274223022e-01 6.951199049671070718e-01 9.599999999999999645e-01 8.516000000000000236e-01
9.824995059321837976e-02 6.501852960024930850e-01 9.643000000000000460e-01 8.451999999999999513e-01
5.010596616686883303e-02 5.730906967908674376e-01 9.850999999999999757e-01 8.536000000000000254e-01
9.485806736342743128e-02 6.209762297041258039e-01 9.659999999999999698e-01 8.464000000000000412e-01
1.279433440333413163e-01 6.582737846774402435e-01 9.535000000000000142e-01 8.359999999999999654e-01
5.629768330171677770e-02 6.671353336912747567e-01 9.798000000000000043e-01 8.531999999999999584e-01
8.401780747638476488e-02 6.042712346592316042e-01 9.685000000000000275e-01 8.534000000000000474e-01
1.005155963196699143e-01 6.851093567745709656e-01 9.616999999999999993e-01 8.372000000000000552e-01
6.495401913320374143e-02 6.413646087319324618e-01 9.770999999999999686e-01 8.541999999999999593e-01
1.152260908008566481e-01 6.161255751436804928e-01 9.615000000000000213e-01 8.461999999999999522e-01
8.572795471377789300e-02 6.315010294774733302e-01 9.685000000000000275e-01 8.476000000000000201e-01
5.097315795308308972e-02 5.966633822365583484e-01 9.827000000000000179e-01 8.589999999999999858e-01
9.654247823258292616e-02 5.850588441130241124e-01 9.669999999999999707e-01 8.464000000000000412e-01
6.038948063082267420e-02 6.451758255059099056e-01 9.786000000000000254e-01 8.494000000000000439e-01
1.021318949888600780e-01 6.692978982039425873e-01 9.616999999999999993e-01 8.364000000000000323e-01
7.940397885513902909e-02 6.447065897845847271e-01 9.708999999999999853e-01 8.471999999999999531e-01
5.732062478951274048e-02 6.024411364101113220e-01 9.811999999999999611e-01 8.554000000000000492e-01
8.077623105126954806e-02 5.884695692339384498e-01 9.721999999999999531e-01 8.451999999999999513e-01
1.010443547034167305e-01 6.635565876725773027e-01 9.595000000000000195e-01 8.366000000000000103e-01
5.595307821509587498e-02 6.045925276783387092e-01 9.811999999999999611e-01 8.554000000000000492e-01
5.372604635517631150e-02 6.066247851997217388e-01 9.828999999999999959e-01 8.589999999999999858e-01
2.041221311145492434e-01 6.991435012065233545e-01 9.222000000000000197e-01 8.302000000000000490e-01
7.919714059901271364e-02 6.292129584019299227e-01 9.707999999999999963e-01 8.486000000000000210e-01
8.523013683950073083e-02 6.097224860114536238e-01 9.690999999999999615e-01 8.508000000000000007e-01
9.714646855700613537e-02 6.884988640421962902e-01 9.628999999999999782e-01 8.409999999999999698e-01
4.637423120446381580e-02 5.908449167531020230e-01 9.859999999999999876e-01 8.544000000000000483e-01
1.574576850698677921e-01 6.954877752166019889e-01 9.385999999999999899e-01 8.262000000000000455e-01
5.719148849618526514e-02 5.694086131484161761e-01 9.838000000000000078e-01 8.584000000000000519e-01
7.234477511624051727e-02 6.018155581760123995e-01 9.761999999999999567e-01 8.544000000000000483e-01
5.633685416322822131e-02 5.898143118107562755e-01 9.810999999999999721e-01 8.571999999999999620e-01
1.404056080576330801e-01 7.027425664873714339e-01 9.473000000000000309e-01 8.336000000000000076e-01
1.073269416939854892e-01 6.539581837656134322e-01 9.600999999999999535e-01 8.461999999999999522e-01
7.006961994188341813e-02 6.365460095465083068e-01 9.733000000000000540e-01 8.477999999999999980e-01
1.111472926438408365e-01 6.965650476180622608e-01 9.584000000000000297e-01 8.396000000000000130e-01
7.010030568052420807e-02 5.953690868103039824e-01 9.762999999999999456e-01 8.554000000000000492e-01
6.028764426602575832e-02 6.041517131552487374e-01 9.809999999999999831e-01 8.457999999999999963e-01
6.312917744167687029e-02 5.984922808181513121e-01 9.778999999999999915e-01 8.544000000000000483e-01
5.299177451258303695e-02 5.947503822095938641e-01 9.850999999999999757e-01 8.599999999999999867e-01
1.110521716904274009e-01 6.934356380542641141e-01 9.554000000000000270e-01 8.374000000000000332e-01
7.238513417184395948e-02 6.332617375496812917e-01 9.727000000000000091e-01 8.499999999999999778e-01
7.295462592823094561e-02 6.255642637656281257e-01 9.746000000000000218e-01 8.509999999999999787e-01
7.386346202760120383e-02 6.572788835821887776e-01 9.729999999999999760e-01 8.569999999999999840e-01
4.716566052359335431e-02 5.923151890224819249e-01 9.868000000000000105e-01 8.551999999999999602e-01
6.460231770105144544e-02 5.785491438186028956e-01 9.798000000000000043e-01 8.536000000000000254e-01
6.105000248758901682e-02 6.125496651786831448e-01 9.795000000000000373e-01 8.558000000000000052e-01
8.743610249224655073e-02 5.986445273320636362e-01 9.690999999999999615e-01 8.474000000000000421e-01
1.433222564390318476e-01 7.068089902322680640e-01 9.455000000000000071e-01 8.322000000000000508e-01
8.718297377008682458e-02 6.144327991541317369e-01 9.668999999999999817e-01 8.538000000000000034e-01
5.784600864497803363e-02 5.890227001228447445e-01 9.801999999999999602e-01 8.599999999999999867e-01
9.691177359613949160e-02 6.919239391962505037e-01 9.625000000000000222e-01 8.409999999999999698e-01
5.797703735694541283e-02 5.995758653269686045e-01 9.802999999999999492e-01 8.589999999999999858e-01
5.802167575752596035e-02 6.339542707578912362e-01 9.812999999999999501e-01 8.599999999999999867e-01
4.718988482885833752e-02 5.773358929871723610e-01 9.880999999999999783e-01 8.598000000000000087e-01
7.581269934616068074e-02 6.170165625429082645e-01 9.733000000000000540e-01 8.429999999999999716e-01
1.035291968550508951e-01 6.324566422066607574e-01 9.609999999999999654e-01 8.467999999999999972e-01
7.121084093821855587e-02 6.487668025977222364e-01 9.768000000000000016e-01 8.471999999999999531e-01
6.317837707570272965e-02 6.233136801009706573e-01 9.785000000000000364e-01 8.501999999999999558e-01
7.928800587790887922e-02 6.080050128880566396e-01 9.704000000000000403e-01 8.487999999999999989e-01
8.784162362902199483e-02 5.863895921768406128e-01 9.690999999999999615e-01 8.499999999999999778e-01
6.362808635820267622e-02 5.757241916339839172e-01 9.808000000000000052e-01 8.594000000000000528e-01
8.572753876744945711e-02 6.547506508714521223e-01 9.691999999999999504e-01 8.489999999999999769e-01
6.565119307190506182e-02 5.883382906895332498e-01 9.781999999999999584e-01 8.516000000000000236e-01
1.542150846614707971e-01 7.101363567645566643e-01 9.456999999999999851e-01 8.349999999999999645e-01
9.675835697296152060e-02 6.433558951130140535e-01 9.593000000000000416e-01 8.449999999999999734e-01
7.537409607246277343e-02 6.119814262463693089e-01 9.711999999999999522e-01 8.556000000000000272e-01
6.521475307311438985e-02 6.226822415237709407e-01 9.770999999999999686e-01 8.554000000000000492e-01
7.959285047002696845e-02 6.292774626921185943e-01 9.708999999999999853e-01 8.491999999999999549e-01
4.218075939134392771e-02 5.851398727013733536e-01 9.871999999999999664e-01 8.614000000000000545e-01
4.795662000599949099e-02 6.251336092112480536e-01 9.826000000000000290e-01 8.584000000000000519e-01
9.967007375917698309e-02 6.244186156575372015e-01 9.638999999999999790e-01 8.441999999999999504e-01
5.407502260720506437e-02 6.008679367158600293e-01 9.827000000000000179e-01 8.561999999999999611e-01
7.590190861371189091e-02 6.028479795164076727e-01 9.728999999999999870e-01 8.504000000000000448e-01
9.225721979569327658e-02 6.107368461575406471e-01 9.657999999999999918e-01 8.489999999999999769e-01
9.594665274835023627e-02 6.942113550956794388e-01 9.647999999999999909e-01 8.449999999999999734e-01
8.340258056393640151e-02 6.051308753011275243e-01 9.706000000000000183e-01 8.491999999999999549e-01
8.173557610526033246e-02 6.244542705156863605e-01 9.677999999999999936e-01 8.429999999999999716e-01
7.764988946609330256e-02 6.634321059708244706e-01 9.729999999999999760e-01 8.516000000000000236e-01
1.542916052206049216e-01 7.295174809570744712e-01 9.465999999999999970e-01 8.434000000000000385e-01
6.862107517521574829e-02 5.864114653814557210e-01 9.758999999999999897e-01 8.526000000000000245e-01
8.553434908056695152e-02 6.617218532117089547e-01 9.715000000000000302e-01 8.487999999999999989e-01
9.067128603094774808e-02 6.995233138069228973e-01 9.661999999999999478e-01 8.469999999999999751e-01
5.782930394030463828e-02 6.812343786876341456e-01 9.786000000000000254e-01 8.549999999999999822e-01
1.191540191125915471e-01 7.054296282423981879e-01 9.599999999999999645e-01 8.437999999999999945e-01
1.172161563598335260e-01 6.619650500269278481e-01 9.540999999999999481e-01 8.369999999999999662e-01
5.848278553155462217e-02 6.228134476154237875e-01 9.796000000000000263e-01 8.578000000000000069e-01
5.876768111001223066e-02 5.779461732710157174e-01 9.842999999999999527e-01 8.541999999999999593e-01
7.916487687964977871e-02 6.647498337486460462e-01 9.717000000000000082e-01 8.524000000000000465e-01
1.035801311015498022e-01 6.980898644575447287e-01 9.614000000000000323e-01 8.444000000000000394e-01
5.864755424762254504e-02 6.234901881904292287e-01 9.800999999999999712e-01 8.568000000000000060e-01
6.867819981357911607e-02 6.443954368636400920e-01 9.772999999999999465e-01 8.479999999999999760e-01
7.089349001059624955e-02 6.519781857913490297e-01 9.749999999999999778e-01 8.531999999999999584e-01
1.134271398422394272e-01 6.922907349255875697e-01 9.586000000000000076e-01 8.366000000000000103e-01
8.474618297287363211e-02 6.399253958565295219e-01 9.696000000000000174e-01 8.447999999999999954e-01
7.172091625648033264e-02 6.322102783951965010e-01 9.741999999999999549e-01 8.467999999999999972e-01
8.214299443286729452e-02 6.142178052510477437e-01 9.696000000000000174e-01 8.477999999999999980e-01
9.514627244371340331e-02 6.437189288570651646e-01 9.647999999999999909e-01 8.499999999999999778e-01
8.840341950540236970e-02 6.609645575384560656e-01 9.670999999999999597e-01 8.484000000000000430e-01
8.882570074256303239e-02 6.735510705200269399e-01 9.677999999999999936e-01 8.494000000000000439e-01
6.586748579293398576e-02 6.527047641232113229e-01 9.768999999999999906e-01 8.459999999999999742e-01
7.647522482329795201e-02 6.521862496384350782e-01 9.711999999999999522e-01 8.481999999999999540e-01
8.016850633500366419e-02 6.548270952122753341e-01 9.697999999999999954e-01 8.461999999999999522e-01
6.949500204620685795e-02 6.223244408299221098e-01 9.761999999999999567e-01 8.487999999999999989e-01
5.935558146451067052e-02 6.062941947081267324e-01 9.796000000000000263e-01 8.486000000000000210e-01
7.045544063203673657e-02 5.895495739364536858e-01 9.791999999999999593e-01 8.531999999999999584e-01
4.944029204877071343e-02 5.928748447407253819e-01 9.861999999999999655e-01 8.589999999999999858e-01
5.392390679250785163e-02 6.141930843486210767e-01 9.807000000000000162e-01 8.531999999999999584e-01
1.343338896077670153e-01 6.753880022842401187e-01 9.495000000000000107e-01 8.314000000000000279e-01
6.414098222732733667e-02 6.300089506182197097e-01 9.761999999999999567e-01 8.569999999999999840e-01
6.780176655825119469e-02 6.157246146140065157e-01 9.778999999999999915e-01 8.554000000000000492e-01
