2.080460680283801267e+00 2.082574707847149043e+00 4.097000000000000086e-01 4.117999999999999994e-01
7.656171213999228842e-01 7.884781596649310664e-01 6.985000000000000098e-01 6.985999999999999988e-01
5.675401217112100438e-01 6.085322428794999183e-01 7.944999999999999840e-01 7.852000000000000091e-01
5.182324281396510912e-01 5.717727416557747411e-01 8.111000000000000432e-01 7.895999999999999686e-01
5.446703415777940371e-01 5.995438716994138106e-01 7.994999999999999885e-01 7.845999999999999641e-01
5.079435402805876354e-01 5.926952760247461427e-01 8.112000000000000322e-01 7.853999999999999870e-01
4.780455872973899401e-01 5.492083867167953937e-01 8.296999999999999931e-01 8.074000000000000066e-01
4.765235783803584146e-01 5.707257078238050507e-01 8.167999999999999705e-01 7.895999999999999686e-01
4.039276377563384424e-01 4.934784695095599250e-01 8.529999999999999805e-01 8.256000000000000005e-01
3.978161392076733360e-01 4.872209397292757149e-01 8.598000000000000087e-01 8.237999999999999767e-01
4.981502584574471482e-01 6.013760828828235150e-01 8.118999999999999551e-01 7.850000000000000311e-01
4.148969729242024118e-01 5.305828399735346146e-01 8.561999999999999611e-01 8.197999999999999732e-01
3.768956943793473902e-01 4.879095291442278048e-01 8.649999999999999911e-01 8.286000000000000032e-01
3.448001516213559658e-01 4.703653290225387473e-01 8.777000000000000357e-01 8.342000000000000526e-01
3.379729805209082949e-01 4.653698888469202100e-01 8.764999999999999458e-01 8.339999999999999636e-01
3.171984737966713763e-01 4.536379966478943926e-01 8.838000000000000300e-01 8.416000000000000147e-01
3.509380880486719367e-01 4.908243060060725749e-01 8.690999999999999837e-01 8.249999999999999556e-01
3.532325125013759393e-01 5.089774717164243789e-01 8.722999999999999643e-01 8.254000000000000226e-01
3.022428330445142142e-01 4.600427263417026791e-01 8.867000000000000437e-01 8.379999999999999671e-01
2.896747201497696933e-01 4.384366147087352394e-01 8.977000000000000535e-01 8.427999999999999936e-01
3.322851237930062318e-01 5.016787872730579245e-01 8.762999999999999678e-01 8.245999999999999996e-01
3.176789477060207867e-01 4.855724745569754419e-01 8.861999999999999877e-01 8.296000000000000041e-01
2.911592586087849432e-01 4.689809152400471470e-01 8.941000000000000059e-01 8.429999999999999716e-01
2.764899463590356210e-01 4.694320126675737836e-01 8.983999999999999764e-01 8.431999999999999496e-01
3.413851294710866791e-01 5.221605543719910481e-01 8.733999999999999542e-01 8.219999999999999529e-01
2.950280578817588983e-01 4.944582438469591334e-01 8.918000000000000371e-01 8.309999999999999609e-01
2.722096927190632010e-01 4.693832993589683866e-01 9.020000000000000240e-01 8.436000000000000165e-01
3.012228024085478184e-01 4.922475776251339918e-01 8.802999999999999714e-01 8.276000000000000023e-01
2.709077891598363208e-01 5.114944503053093783e-01 8.984999999999999654e-01 8.324000000000000288e-01
2.650162005930816189e-01 4.846292998805503127e-01 9.034999999999999698e-01 8.391999999999999460e-01
2.783439208939824105e-01 4.735318866993622478e-01 8.910000000000000142e-01 8.367999999999999883e-01
2.561842189943313586e-01 4.833039899763231784e-01 9.026999999999999469e-01 8.406000000000000139e-01
2.206997990872170134e-01 4.595143161642734619e-01 9.201000000000000290e-01 8.477999999999999980e-01
2.420071965722573049e-01 4.760512919469018223e-01 9.109000000000000430e-01 8.411999999999999478e-01
2.448084240300291980e-01 4.695090573582256233e-01 9.103999999999999870e-01 8.416000000000000147e-01
2.390014262933690958e-01 4.920188907440975479e-01 9.129000000000000448e-01 8.379999999999999671e-01
2.219357246852857179e-01 4.545689652607645126e-01 9.189000000000000501e-01 8.444000000000000394e-01
1.989443854992422878e-01 4.333452421667802756e-01 9.264000000000000012e-01 8.581999999999999629e-01
2.359434364229993086e-01 4.886408943070752464e-01 9.101000000000000201e-01 8.384000000000000341e-01
2.799077622699616130e-01 5.388043704983396243e-01 8.932999999999999829e-01 8.316000000000000059e-01
2.386101433723468168e-01 4.831323879397389498e-01 9.125999999999999668e-01 8.367999999999999883e-01
3.258336531959653004e-01 6.213102592782741018e-01 8.823999999999999622e-01 8.187999999999999723e-01
2.161043251482160366e-01 4.877807214779846801e-01 9.180000000000000382e-01 8.416000000000000147e-01
2.190785347181105069e-01 4.845320996363219890e-01 9.183000000000000052e-01 8.404000000000000359e-01
2.070149122393770413e-01 4.711698606985955107e-01 9.242000000000000215e-01 8.441999999999999504e-01
2.040908281695015258e-01 4.647975721374870139e-01 9.244999999999999885e-01 8.431999999999999496e-01
2.009291923697250903e-01 4.860837848811337403e-01 9.263000000000000123e-01 8.446000000000000174e-01
2.016250189348170740e-01 4.633796031216859679e-01 9.239000000000000545e-01 8.471999999999999531e-01
2.123159623665314133e-01 4.763601259639761998e-01 9.236999999999999655e-01 8.411999999999999478e-01
1.863129345300029160e-01 4.834429458614413200e-01 9.292000000000000259e-01 8.489999999999999769e-01
2.378649338575519745e-01 5.320692782101666962e-01 9.110000000000000320e-01 8.364000000000000323e-01
2.028365261980993317e-01 5.037095394830863881e-01 9.256999999999999673e-01 8.437999999999999945e-01
1.695709422950592293e-01 4.675261588634465615e-01 9.375000000000000000e-01 8.504000000000000448e-01
1.805059680675001610e-01 4.470324929985603490e-01 9.335999999999999854e-01 8.539999999999999813e-01
2.043089345292392334e-01 4.740282704183181317e-01 9.236999999999999655e-01 8.456000000000000183e-01
1.789690222137989284e-01 4.823644319658405011e-01 9.362000000000000322e-01 8.504000000000000448e-01
2.254228527287938100e-01 5.273564099762233504e-01 9.173000000000000043e-01 8.336000000000000076e-01
1.897596489879471438e-01 4.789764188030727343e-01 9.278999999999999471e-01 8.456000000000000183e-01
1.719160137262097376e-01 4.844973679899458041e-01 9.342000000000000304e-01 8.489999999999999769e-01
1.938987349890567147e-01 4.731842328443371382e-01 9.246999999999999664e-01 8.414000000000000368e-01
1.986873422933179978e-01 5.136828404432469686e-01 9.260000000000000453e-01 8.446000000000000174e-01
1.942262709336794735e-01 4.827009572519875280e-01 9.277999999999999581e-01 8.454000000000000403e-01
2.180653201360261972e-01 5.180016939353301320e-01 9.197999999999999510e-01 8.359999999999999654e-01
1.647288012471062879e-01 4.844648417708606880e-01 9.395000000000000018e-01 8.497999999999999998e-01
1.855756222533816169e-01 5.215212098110719730e-01 9.284000000000000030e-01 8.397999999999999909e-01
1.702422013523504640e-01 4.874106892245865241e-01 9.385999999999999899e-01 8.466000000000000192e-01
2.287548764995483985e-01 5.225923496186933859e-01 9.102999999999999980e-01 8.306000000000000050e-01
1.655446698600570032e-01 4.897324202899677181e-01 9.401000000000000467e-01 8.456000000000000183e-01
1.522554558043443529e-01 4.661691391208486746e-01 9.463000000000000300e-01 8.518000000000000016e-01
1.857968980634337186e-01 5.063485452831012479e-01 9.293000000000000149e-01 8.406000000000000139e-01
1.606106289955257505e-01 4.887571648227163612e-01 9.435000000000000053e-01 8.526000000000000245e-01
1.541313478616707644e-01 5.127221611306749249e-01 9.431000000000000494e-01 8.457999999999999963e-01
1.612662825998119609e-01 5.013776797717637290e-01 9.395999999999999908e-01 8.441999999999999504e-01
1.873614991752550474e-01 5.309683766074478894e-01 9.288999999999999480e-01 8.456000000000000183e-01
1.362357447606441507e-01 5.035940604999219472e-01 9.528999999999999693e-01 8.526000000000000245e-01
2.172398567750721543e-01 5.514391752937750635e-01 9.147999999999999465e-01 8.256000000000000005e-01
1.812151392198331767e-01 5.532060902488017406e-01 9.337999999999999634e-01 8.349999999999999645e-01
1.479076426245581888e-01 5.003771473053391095e-01 9.475999999999999979e-01 8.519999999999999796e-01
1.729905540686402787e-01 5.639024623473259945e-01 9.367999999999999661e-01 8.287999999999999812e-01
1.495838384268539101e-01 4.805200678370686318e-01 9.464000000000000190e-01 8.464000000000000412e-01
1.333744549871225815e-01 5.079579790131238948e-01 9.529999999999999583e-01 8.457999999999999963e-01
1.898497102213332344e-01 5.655183508716992158e-01 9.271000000000000352e-01 8.377999999999999892e-01
1.918693584936499441e-01 5.365553291383919898e-01 9.293000000000000149e-01 8.336000000000000076e-01
2.144734740477717561e-01 5.284356556092103530e-01 9.156999999999999584e-01 8.215999999999999970e-01
1.906834495742612823e-01 5.520402702307024567e-01 9.346999999999999753e-01 8.336000000000000076e-01
1.368987992113319674e-01 5.021175332361124122e-01 9.509999999999999565e-01 8.529999999999999805e-01
1.325738123040240968e-01 4.954606311671801433e-01 9.547999999999999821e-01 8.471999999999999531e-01
1.489079235972283199e-01 5.197684463863870841e-01 9.467999999999999750e-01 8.409999999999999698e-01
1.638284768789439738e-01 5.071798197514646445e-01 9.399999999999999467e-01 8.366000000000000103e-01
1.533256906911781015e-01 5.340132866902770337e-01 9.426999999999999824e-01 8.404000000000000359e-01
1.639035276367955818e-01 5.426669638701571152e-01 9.398999999999999577e-01 8.376000000000000112e-01
1.477047198785464144e-01 5.346284353736630024e-01 9.465999999999999970e-01 8.424000000000000377e-01
2.145691024286472404e-01 5.897661544196677319e-01 9.217999999999999527e-01 8.326000000000000068e-01
1.682429210517089324e-01 5.475428418646290929e-01 9.347999999999999643e-01 8.441999999999999504e-01
1.283388443157365277e-01 5.198833316369647628e-01 9.515000000000000124e-01 8.416000000000000147e-01
1.372802273566320896e-01 5.131131489317934946e-01 9.504000000000000226e-01 8.426000000000000156e-01
1.315171758129273782e-01 4.980272681398848489e-01 9.508999999999999675e-01 8.489999999999999769e-01
1.883787655897930235e-01 5.639295867718752131e-01 9.256999999999999673e-01 8.312000000000000499e-01
1.525706267587120801e-01 5.112673360469859318e-01 9.437999999999999723e-01 8.326000000000000068e-01
1.551594110690214245e-01 5.299854646335534492e-01 9.436999999999999833e-01 8.369999999999999662e-01
1.212028711323672320e-01 5.146678840644862696e-01 9.565000000000000169e-01 8.481999999999999540e-01
1.253411669519335914e-01 5.014231438890008885e-01 9.549999999999999600e-01 8.469999999999999751e-01
1.267252002414272216e-01 5.160769913789926555e-01 9.530999999999999472e-01 8.496000000000000218e-01
1.604750060989944549e-01 5.699819476061939172e-01 9.403000000000000247e-01 8.399999999999999689e-01
1.316994646683894155e-01 5.219071649972736315e-01 9.544000000000000261e-01 8.424000000000000377e-01
1.639822875862335105e-01 5.667475186157179268e-01 9.393000000000000238e-01 8.427999999999999936e-01
1.322455767882082245e-01 5.131566118341108762e-01 9.534000000000000252e-01 8.474000000000000421e-01
1.277825091162265725e-01 4.886743568082489997e-01 9.560999999999999499e-01 8.486000000000000210e-01
1.275479034605691564e-01 5.543095096431505109e-01 9.489999999999999547e-01 8.477999999999999980e-01
1.422733086932163049e-01 5.150717138981565357e-01 9.482000000000000428e-01 8.466000000000000192e-01
1.514723453986474844e-01 5.379117136204469851e-01 9.441000000000000503e-01 8.384000000000000341e-01
1.125332947829393165e-01 5.205597944722257786e-01 9.637000000000000011e-01 8.541999999999999593e-01
1.372625143690844596e-01 5.694891113457346554e-01 9.497999999999999776e-01 8.481999999999999540e-01
1.225456264664172290e-01 5.202525945316488487e-01 9.578999999999999737e-01 8.446000000000000174e-01
9.502488677424628105e-02 5.154576596812757705e-01 9.680999999999999606e-01 8.548000000000000043e-01
1.754605326875436633e-01 6.225702606880730849e-01 9.274999999999999911e-01 8.215999999999999970e-01
1.329386377651561035e-01 5.284872305515060376e-01 9.526000000000000023e-01 8.451999999999999513e-01
1.132829931955679076e-01 5.450338550733764276e-01 9.598999999999999755e-01 8.444000000000000394e-01
1.148637646189031303e-01 5.218904492301259523e-01 9.566999999999999948e-01 8.467999999999999972e-01
9.714392653558617807e-02 5.394817194197049082e-01 9.653000000000000469e-01 8.467999999999999972e-01
9.196891325104129822e-02 5.064256470101311525e-01 9.685000000000000275e-01 8.564000000000000501e-01
1.791845042786830988e-01 5.995970708441071828e-01 9.306999999999999718e-01 8.212000000000000410e-01
1.334636379758278590e-01 5.585965221223099242e-01 9.487999999999999767e-01 8.386000000000000121e-01
1.077851955842093062e-01 5.323651207260914342e-01 9.596999999999999975e-01 8.534000000000000474e-01
1.691994802052587121e-01 6.080211170784015628e-01 9.351000000000000423e-01 8.314000000000000279e-01
1.463755369323866962e-01 5.692195928250722847e-01 9.448999999999999622e-01 8.364000000000000323e-01
1.338349262137719931e-01 5.427252815558949450e-01 9.506999999999999895e-01 8.451999999999999513e-01
2.379465697325481299e-01 6.700059870841258425e-01 9.169000000000000483e-01 8.312000000000000499e-01
1.369155521007596188e-01 5.442365917994383961e-01 9.506000000000000005e-01 8.421999999999999487e-01
1.184174030956826745e-01 5.449532793344997739e-01 9.597999999999999865e-01 8.426000000000000156e-01
1.630157355050433909e-01 6.027525175999789431e-01 9.357999999999999652e-01 8.419999999999999707e-01
2.026641158537986487e-01 6.743508796365844660e-01 9.203999999999999959e-01 8.175999999999999934e-01
1.293770081531980254e-01 5.841703680489889194e-01 9.506000000000000005e-01 8.481999999999999540e-01
1.211874704801981090e-01 5.716036635418043632e-01 9.540999999999999481e-01 8.501999999999999558e-01
8.338680920258888241e-02 5.384034489743821927e-01 9.725000000000000311e-01 8.546000000000000263e-01
2.166015559182673245e-01 6.710312327370673291e-01 9.130000000000000338e-01 8.110000000000000542e-01
1.622515098485782237e-01 6.415983189850021917e-01 9.367999999999999661e-01 8.296000000000000041e-01
1.428366954636533515e-01 6.020602514201265354e-01 9.454000000000000181e-01 8.372000000000000552e-01
9.077951278311900685e-02 5.403451352059983614e-01 9.701999999999999513e-01 8.501999999999999558e-01
1.266311532163750253e-01 6.084717223169229250e-01 9.520999999999999464e-01 8.401999999999999469e-01
9.715374607195664813e-02 5.345233717509996207e-01 9.683000000000000496e-01 8.436000000000000165e-01
1.047953142890001160e-01 5.475400422189413696e-01 9.612000000000000544e-01 8.579999999999999849e-01
1.508384186553055617e-01 6.066424211425565094e-01 9.441000000000000503e-01 8.342000000000000526e-01
1.103196633055822801e-01 5.823977281823566887e-01 9.586999999999999966e-01 8.534000000000000474e-01
1.667723086026164647e-01 6.060667453035084584e-01 9.408999999999999586e-01 8.469999999999999751e-01
1.060048417732524784e-01 5.388845642033225358e-01 9.626000000000000112e-01 8.467999999999999972e-01
1.402972383388848554e-01 6.092187594848331722e-01 9.510999999999999455e-01 8.471999999999999531e-01
1.882999818076140086e-01 5.959848548552539871e-01 9.274999999999999911e-01 8.254000000000000226e-01
1.057718733160561697e-01 5.822529265145627297e-01 9.618999999999999773e-01 8.477999999999999980e-01
1.167495698926345749e-01 5.880561524653196148e-01 9.552000000000000490e-01 8.449999999999999734e-01
1.246044107829452074e-01 5.984427169986445971e-01 9.527999999999999803e-01 8.411999999999999478e-01
1.189716524205059189e-01 5.564540682061273058e-01 9.538999999999999702e-01 8.387999999999999901e-01
9.073506795833953531e-02 5.401292061809288558e-01 9.704000000000000403e-01 8.548000000000000043e-01
8.146393163042844887e-02 5.609749672489342531e-01 9.724000000000000421e-01 8.546000000000000263e-01
1.216533872088048224e-01 5.664573576449779546e-01 9.556999999999999940e-01 8.477999999999999980e-01
1.333904507722233901e-01 5.269081249352486340e-01 9.553000000000000380e-01 8.434000000000000385e-01
1.141698636576996689e-01 5.944585961293944454e-01 9.586999999999999966e-01 8.372000000000000552e-01
1.335021629655664677e-01 6.078749208764971934e-01 9.491000000000000547e-01 8.411999999999999478e-01
1.171371232517581379e-01 6.073919668198528576e-01 9.568999999999999728e-01 8.467999999999999972e-01
1.162545638459603625e-01 5.521437092466096042e-01 9.576999999999999957e-01 8.386000000000000121e-01
9.354865248897301089e-02 5.620736095803373633e-01 9.658999999999999808e-01 8.538000000000000034e-01
1.291754887014926190e-01 6.131925916783836916e-01 9.520999999999999464e-01 8.466000000000000192e-01
1.121625565564529498e-01 5.893228063096095370e-01 9.573000000000000398e-01 8.509999999999999787e-01
1.042188735122064197e-01 5.817113133424910432e-01 9.614000000000000323e-01 8.508000000000000007e-01
1.031937859647831107e-01 5.649996451689026644e-01 9.607999999999999874e-01 8.558000000000000052e-01
1.407518265591004014e-01 6.100684824097659664e-01 9.452000000000000401e-01 8.381999999999999451e-01
1.095561040484073628e-01 5.852081082824807101e-01 9.594000000000000306e-01 8.501999999999999558e-01
1.449055274004505123e-01 6.196717570398505570e-01 9.431000000000000494e-01 8.366000000000000103e-01
1.315961111160218466e-01 6.271510979959177279e-01 9.516999999999999904e-01 8.441999999999999504e-01
1.043382160183245616e-01 5.592386469890492373e-01 9.618999999999999773e-01 8.427999999999999936e-01
9.899627916235627378e-02 5.488857561202928892e-01 9.651999999999999469e-01 8.501999999999999558e-01
9.560094814020471399e-02 5.896751805592076456e-01 9.669999999999999707e-01 8.434000000000000385e-01
1.237626401124424513e-01 6.240001419121600224e-01 9.564000000000000279e-01 8.459999999999999742e-01
7.984837810304461214e-02 5.446669744682374192e-01 9.736000000000000210e-01 8.526000000000000245e-01
9.991438467600470552e-02 5.423814779729051461e-01 9.622000000000000552e-01 8.529999999999999805e-01
1.887848193283016007e-01 6.445678288361652575e-01 9.292000000000000259e-01 8.262000000000000455e-01
9.914059084339534034e-02 5.863397669553603864e-01 9.623000000000000442e-01 8.421999999999999487e-01
8.244679798221582478e-02 5.526721608535677399e-01 9.715000000000000302e-01 8.546000000000000263e-01
1.002805338759416159e-01 5.812980678865053985e-01 9.651999999999999469e-01 8.486000000000000210e-01
1.073150904850002224e-01 5.920482124791329737e-01 9.607999999999999874e-01 8.406000000000000139e-01
9.027496548058307202e-02 5.663776231409561879e-01 9.690999999999999615e-01 8.457999999999999963e-01
1.052384928390871638e-01 5.786626589589257685e-01 9.606000000000000094e-01 8.446000000000000174e-01
1.107422242036267129e-01 5.896179659064415546e-01 9.593000000000000416e-01 8.457999999999999963e-01
9.914736141788009494e-02 5.693855374259437774e-01 9.612000000000000544e-01 8.437999999999999945e-01
6.607814253804564220e-02 5.758065213233216628e-01 9.781999999999999584e-01 8.546000000000000263e-01
1.393129907322082639e-01 6.508729730687947690e-01 9.500999999999999446e-01 8.339999999999999636e-01
1.087633273315447013e-01 6.125910172416501043e-01 9.586999999999999966e-01 8.359999999999999654e-01
1.167678805796241726e-01 6.011712801504738302e-01 9.519999999999999574e-01 8.417999999999999927e-01
9.562592988753648715e-02 5.765544893840406360e-01 9.657000000000000028e-01 8.501999999999999558e-01
1.451407525887311312e-01 6.617769858425900376e-01 9.467999999999999750e-01 8.276000000000000023e-01
7.454470610298166711e-02 5.560742457089853374e-01 9.759999999999999787e-01 8.606000000000000316e-01
1.638473763768590052e-01 6.240761204561257047e-01 9.414000000000000146e-01 8.314000000000000279e-01
8.748800512011521702e-02 5.360021523145619415e-01 9.723000000000000531e-01 8.499999999999999778e-01
1.259749643172383693e-01 6.123598248810245837e-01 9.500999999999999446e-01 8.406000000000000139e-01
9.091036143873802711e-02 5.665376394093835088e-01 9.674000000000000377e-01 8.471999999999999531e-01
8.200610239984414129e-02 5.841813640053794554e-01 9.711999999999999522e-01 8.538000000000000034e-01
7.490870392570234126e-02 5.479181964986481468e-01 9.745000000000000329e-01 8.536000000000000254e-01
1.330593898296703326e-01 5.564288361951147399e-01 9.536000000000000032e-01 8.416000000000000147e-01
1.214350456128299588e-01 5.948031481726786529e-01 9.536999999999999922e-01 8.401999999999999469e-01
1.062002947031405742e-01 5.373344634814924969e-01 9.644000000000000350e-01 8.497999999999999998e-01
9.023620877364613158e-02 5.677080223364379119e-01 9.676000000000000156e-01 8.499999999999999778e-01
8.293249348042101843e-02 5.672244464454452295e-01 9.729999999999999760e-01 8.476000000000000201e-01
1.757506343170643914e-01 6.382572627915674701e-01 9.282000000000000250e-01 8.244000000000000217e-01
8.219061096984307813e-02 5.766947499827588253e-01 9.715000000000000302e-01 8.541999999999999593e-01
8.762229118922569560e-02 6.079585621226617498e-01 9.689999999999999725e-01 8.536000000000000254e-01
1.122374817352948251e-01 6.212186816885241214e-01 9.592000000000000526e-01 8.379999999999999671e-01
8.957014493430268121e-02 5.592686141683379519e-01 9.664000000000000368e-01 8.536000000000000254e-01
1.250181573469451302e-01 6.637238939874219312e-01 9.538999999999999702e-01 8.414000000000000368e-01
6.856366364569144167e-02 5.630897892415251960e-01 9.790999999999999703e-01 8.578000000000000069e-01
9.963245046964364082e-02 5.923765871585841003e-01 9.646000000000000130e-01 8.466000000000000192e-01
7.535078853482882200e-02 5.683471342392897308e-01 9.764000000000000457e-01 8.489999999999999769e-01
9.432394087534344551e-02 6.098128130501446753e-01 9.656000000000000139e-01 8.389999999999999680e-01
8.228144213235345783e-02 6.253684271749634371e-01 9.687000000000000055e-01 8.459999999999999742e-01
1.053050623197390456e-01 5.804094253325581265e-01 9.607999999999999874e-01 8.451999999999999513e-01
9.224610582903867984e-02 5.707085073990773028e-01 9.667999999999999927e-01 8.504000000000000448e-01
8.871029122407797507e-02 5.914626884958086306e-01 9.707000000000000073e-01 8.466000000000000192e-01
8.862909177598533861e-02 6.364223510240938353e-01 9.685000000000000275e-01 8.407999999999999918e-01
1.335951122304832039e-01 6.360847123690452909e-01 9.467999999999999750e-01 8.446000000000000174e-01
8.079663950179334642e-02 5.880185860803714970e-01 9.713000000000000522e-01 8.544000000000000483e-01
8.117638640875918243e-02 6.120871039434266914e-01 9.733000000000000540e-01 8.474000000000000421e-01
1.022095643169007029e-01 6.291278721848522215e-01 9.596999999999999975e-01 8.467999999999999972e-01
9.979633113330166339e-02 6.064397102667887784e-01 9.629999999999999671e-01 8.449999999999999734e-01
1.037601293567683297e-01 5.812934732450824038e-01 9.613000000000000433e-01 8.434000000000000385e-01
6.195715783438675989e-02 5.754260875577807965e-01 9.814000000000000501e-01 8.486000000000000210e-01
1.022023085433837880e-01 5.853443081696430017e-01 9.627000000000000002e-01 8.436000000000000165e-01
1.001607817492043834e-01 5.923371424070712488e-01 9.631999999999999451e-01 8.387999999999999901e-01
7.364168114053422365e-02 5.933961697410476965e-01 9.740999999999999659e-01 8.514000000000000457e-01
1.319881199952391282e-01 6.419879959868693975e-01 9.481000000000000538e-01 8.397999999999999909e-01
7.098719489783630876e-02 5.634390828083530867e-01 9.775000000000000355e-01 8.486000000000000210e-01
1.658807849184937011e-01 6.740020005649447477e-01 9.432000000000000384e-01 8.354000000000000314e-01
7.231941974181212152e-02 5.232277223408775546e-01 9.778999999999999915e-01 8.516000000000000236e-01
6.720361451952440446e-02 5.585924642487020142e-01 9.791999999999999593e-01 8.546000000000000263e-01
9.381575209554732231e-02 5.877979013948856357e-01 9.668999999999999817e-01 8.511999999999999567e-01
1.079779340658464648e-01 6.220633653076769187e-01 9.579999999999999627e-01 8.394000000000000350e-01
9.744105523013388281e-02 5.842517108905211920e-01 9.653000000000000469e-01 8.427999999999999936e-01
1.381820660427882930e-01 7.016546653602805383e-01 9.524000000000000243e-01 8.411999999999999478e-01
8.381749405236284256e-02 6.458060154121825214e-01 9.679999999999999716e-01 8.466000000000000192e-01
1.280544542182175671e-01 5.806043742902068372e-01 9.548999999999999710e-01 8.366000000000000103e-01
8.248035454522187337e-02 5.704379474502684344e-01 9.707000000000000073e-01 8.464000000000000412e-01
5.506545009940345958e-02 5.799443038829050767e-01 9.817000000000000171e-01 8.559999999999999831e-01
1.260036816553032624e-01 6.589783928455422712e-01 9.533000000000000362e-01 8.347999999999999865e-01
7.038162951777965359e-02 6.049172010321767212e-01 9.745000000000000329e-01 8.546000000000000263e-01
9.059812871815484114e-02 5.534587653492158976e-01 9.660999999999999588e-01 8.578000000000000069e-01
7.369074186958919637e-02 5.831498281328088007e-01 9.748999999999999888e-01 8.489999999999999769e-01
7.125047572428759579e-02 6.105667892445398870e-01 9.743000000000000549e-01 8.437999999999999945e-01
8.006071534662111133e-02 5.554973636405455828e-01 9.725000000000000311e-01 8.494000000000000439e-01
1.283826636626675399e-01 6.570340363509594717e-01 9.502000000000000446e-01 8.357999999999999874e-01
7.482205969692383440e-02 5.764664269365677995e-01 9.723000000000000531e-01 8.564000000000000501e-01
7.300183896485973323e-02 5.800951069482597200e-01 9.735000000000000320e-01 8.546000000000000263e-01
8.918295743123796915e-02 5.688303457662668983e-01 9.668999999999999817e-01 8.469999999999999751e-01
9.957597547512944680e-02 5.873773966985520456e-01 9.643000000000000460e-01 8.447999999999999954e-01
1.272425336683439545e-01 6.361490506986958726e-01 9.549999999999999600e-01 8.416000000000000147e-01
1.418673414063545135e-01 7.062552356383265950e-01 9.441000000000000503e-01 8.262000000000000455e-01
9.312343947892277873e-02 5.703901431419707846e-01 9.664000000000000368e-01 8.554000000000000492e-01
1.248707917880008123e-01 6.309922291015322982e-01 9.524000000000000243e-01 8.391999999999999460e-01
7.844819492086675672e-02 5.581986743632917358e-01 9.775000000000000355e-01 8.509999999999999787e-01
1.108103313290255132e-01 6.534740010646427066e-01 9.562000000000000499e-01 8.414000000000000368e-01
6.971502549240742030e-02 5.715617278182703043e-01 9.784000000000000474e-01 8.521999999999999575e-01
7.121384112566622737e-02 5.983709711064807424e-01 9.770999999999999686e-01 8.531999999999999584e-01
7.665377192732844569e-02 5.523662203958938921e-01 9.765000000000000346e-01 8.514000000000000457e-01
8.686552355945255377e-02 6.213323156110738266e-01 9.687999999999999945e-01 8.421999999999999487e-01
6.349132852256904325e-02 5.856443138102693791e-01 9.786000000000000254e-01 8.516000000000000236e-01
5.896185737008270006e-02 5.775349222314338782e-01 9.822999999999999510e-01 8.534000000000000474e-01
9.606556522774357953e-02 6.236096467257222775e-01 9.648999999999999799e-01 8.414000000000000368e-01
1.673611689625579824e-01 7.574447517982428879e-01 9.375999999999999890e-01 8.367999999999999883e-01
1.006642559211700233e-01 6.203633882398787991e-01 9.634000000000000341e-01 8.491999999999999549e-01
1.499654033151102406e-01 6.509200939151089660e-01 9.418999999999999595e-01 8.287999999999999812e-01
1.065291249896467007e-01 5.944863783831753068e-01 9.615000000000000213e-01 8.456000000000000183e-01
9.068136380389385520e-02 6.243343903330110800e-01 9.654000000000000359e-01 8.494000000000000439e-01
9.127384840436275626e-02 6.401800182272981976e-01 9.669999999999999707e-01 8.421999999999999487e-01
6.012443526504419877e-02 5.646555192623813335e-01 9.824000000000000510e-01 8.489999999999999769e-01
1.326239972898942132e-01 7.082575606852796746e-01 9.500999999999999446e-01 8.381999999999999451e-01
6.451045207248801150e-02 6.076310139893416062e-01 9.789999999999999813e-01 8.519999999999999796e-01
1.120475373106002565e-01 6.573074942398088316e-01 9.586999999999999966e-01 8.406000000000000139e-01
9.921917435116345274e-02 5.935755208709213582e-01 9.623000000000000442e-01 8.439999999999999725e-01
1.153384498270241670e-01 6.231369257648647908e-01 9.600999999999999535e-01 8.294000000000000261e-01
9.750099772682253862e-02 6.180924851703372136e-01 9.620999999999999552e-01 8.489999999999999769e-01
1.073315834267725838e-01 6.249181949347625276e-01 9.603000000000000425e-01 8.451999999999999513e-01
1.292009835413584773e-01 6.702121559694447228e-01 9.513000000000000345e-01 8.292000000000000481e-01
9.922466925063763710e-02 5.991132761998209100e-01 9.627999999999999892e-01 8.481999999999999540e-01
7.623269271440950845e-02 5.863572821604093877e-01 9.755000000000000338e-01 8.486000000000000210e-01
7.357181291138874257e-02 6.283714529800087378e-01 9.736000000000000210e-01 8.487999999999999989e-01
1.004796847915504360e-01 6.476088566806078584e-01 9.635000000000000231e-01 8.409999999999999698e-01
8.228123113448282400e-02 6.156819306284765370e-01 9.717000000000000082e-01 8.508000000000000007e-01
9.295972986577061281e-02 6.016625033000088107e-01 9.636000000000000121e-01 8.457999999999999963e-01
8.237787718332315046e-02 5.890661624442776745e-01 9.704000000000000403e-01 8.506000000000000227e-01
1.098285366294806248e-01 6.135215194241286918e-01 9.575000000000000178e-01 8.357999999999999874e-01
1.157643745181645561e-01 6.072704604012005847e-01 9.590999999999999526e-01 8.464000000000000412e-01
1.292684549382892845e-01 6.804840109844568774e-01 9.475999999999999979e-01 8.292000000000000481e-01
8.377815971740154577e-02 6.077226403096623875e-01 9.697000000000000064e-01 8.536000000000000254e-01
8.086584185194457819e-02 6.103821529337334351e-01 9.707999999999999963e-01 8.528000000000000025e-01
1.677354515646196365e-01 6.747295385089275843e-01 9.382000000000000339e-01 8.207999999999999741e-01
9.753473462955311590e-02 6.087314341855787347e-01 9.675000000000000266e-01 8.459999999999999742e-01
8.994394157739811491e-02 5.935496750950555178e-01 9.691999999999999504e-01 8.519999999999999796e-01
7.847279509138770093e-02 6.082623893307594898e-01 9.725000000000000311e-01 8.484000000000000430e-01
9.208405315472681374e-02 6.114646469454799727e-01 9.657000000000000028e-01 8.467999999999999972e-01
7.787310215991610773e-02 6.113590035840115178e-01 9.715000000000000302e-01 8.494000000000000439e-01
1.023757709397056237e-01 6.751057159079469905e-01 9.614000000000000323e-01 8.342000000000000526e-01
7.275434672915084833e-02 5.830805964963470256e-01 9.745000000000000329e-01 8.576000000000000290e-01
5.470783231498740212e-02 5.667928775806527764e-01 9.836000000000000298e-01 8.548000000000000043e-01
7.295368236313885812e-02 6.330939640650256051e-01 9.728999999999999870e-01 8.564000000000000501e-01
6.928663036664420294e-02 6.217253170556785724e-01 9.759999999999999787e-01 8.506000000000000227e-01
7.297803077407218064e-02 6.210679075005868244e-01 9.736000000000000210e-01 8.511999999999999567e-01
8.045507567172865970e-02 5.898874401041110938e-01 9.707000000000000073e-01 8.511999999999999567e-01
1.122078216552092333e-01 6.248110009964028544e-01 9.641999999999999460e-01 8.486000000000000210e-01
8.172493647468398459e-02 5.894872334806863234e-01 9.696000000000000174e-01 8.444000000000000394e-01
7.185532782383918793e-02 5.812671673600481315e-01 9.750999999999999668e-01 8.529999999999999805e-01
5.876498093189418126e-02 5.749446643219741082e-01 9.825000000000000400e-01 8.526000000000000245e-01
7.929212664138494959e-02 5.940870998003585646e-01 9.734000000000000430e-01 8.509999999999999787e-01
7.767330612922042354e-02 6.526416303922903950e-01 9.719999999999999751e-01 8.479999999999999760e-01
7.224165654420103277e-02 5.682191930764145527e-01 9.760999999999999677e-01 8.467999999999999972e-01
8.840912940885817251e-02 6.374361015719236523e-01 9.663000000000000478e-01 8.372000000000000552e-01
1.052430345075697632e-01 6.367351120328949010e-01 9.572000000000000508e-01 8.471999999999999531e-01
6.518958717808709391e-02 5.927588136508423755e-01 9.768000000000000016e-01 8.586000000000000298e-01
6.965755350812510849e-02 5.835572341689149178e-01 9.766000000000000236e-01 8.501999999999999558e-01
6.614564672719974725e-02 5.850398294601635296e-01 9.788999999999999924e-01 8.499999999999999778e-01
1.039005201952587221e-01 6.651179536151108351e-01 9.584000000000000297e-01 8.419999999999999707e-01
1.054151913187154205e-01 6.112956772162515540e-01 9.614000000000000323e-01 8.374000000000000332e-01
1.519188124162999809e-01 6.777510428937668641e-01 9.453000000000000291e-01 8.446000000000000174e-01
5.334596004075390502e-02 6.226786248000757418e-01 9.825000000000000400e-01 8.504000000000000448e-01
9.192317520164107469e-02 6.159554913645881591e-01 9.681999999999999496e-01 8.414000000000000368e-01
1.037429623024552217e-01 6.607938869317291353e-01 9.604000000000000314e-01 8.441999999999999504e-01
5.414737743964783551e-02 5.994341808595179399e-01 9.817000000000000171e-01 8.548000000000000043e-01
1.817247717085850867e-01 6.829923797305962330e-01 9.326999999999999735e-01 8.327999999999999847e-01
9.949029766067489511e-02 6.857286698341882314e-01 9.608999999999999764e-01 8.439999999999999725e-01
7.174947647729927602e-02 5.821350000835054939e-01 9.764000000000000457e-01 8.559999999999999831e-01
8.924180608044272878e-02 6.079929905044808569e-01 9.668999999999999817e-01 8.469999999999999751e-01
8.143988690469597391e-02 6.532769012199443059e-01 9.696000000000000174e-01 8.508000000000000007e-01
8.838736870895909370e-02 6.530285564942669430e-01 9.675000000000000266e-01 8.477999999999999980e-01
1.707893827610068582e-01 7.438682085775091268e-01 9.377999999999999670e-01 8.364000000000000323e-01
8.409792703275879855e-02 6.444263235803933121e-01 9.678999999999999826e-01 8.421999999999999487e-01
6.210599389286612648e-02 5.796198524865675550e-01 9.797000000000000153e-01 8.486000000000000210e-01
1.412314795549950985e-01 7.136160868062741969e-01 9.465999999999999970e-01 8.269999999999999574e-01
7.310183568509874552e-02 6.298656270257979584e-01 9.741999999999999549e-01 8.491999999999999549e-01
4.585207880032844685e-02 5.930819495666650454e-01 9.847000000000000197e-01 8.526000000000000245e-01
7.698024775788414598e-02 6.298876306443300654e-01 9.718999999999999861e-01 8.494000000000000439e-01
8.995678054590311445e-02 6.046749712819974309e-01 9.656000000000000139e-01 8.506000000000000227e-01
1.349102525566839295e-01 6.865899760878665381e-01 9.449999999999999512e-01 8.357999999999999874e-01
8.588614524179193077e-02 6.045523640261747378e-01 9.684000000000000385e-01 8.437999999999999945e-01
8.697135999734728617e-02 6.004831115671693809e-01 9.658999999999999808e-01 8.397999999999999909e-01
1.040080977032783044e-01 6.413109797464805473e-01 9.607999999999999874e-01 8.369999999999999662e-01
6.722180179532295796e-02 5.861032614738573843e-01 9.776000000000000245e-01 8.494000000000000439e-01
6.769218098397679351e-02 5.875724605761016850e-01 9.772999999999999465e-01 8.494000000000000439e-01
1.110432617465786920e-01 6.463565618165054705e-01 9.554000000000000270e-01 8.352000000000000535e-01
4.606240812680990893e-02 6.208250878256609262e-01 9.849999999999999867e-01 8.519999999999999796e-01
9.393467923647380591e-02 6.338242013048481782e-01 9.675000000000000266e-01 8.441999999999999504e-01
9.054257359997737453e-02 5.953333303104791918e-01 9.668999999999999817e-01 8.457999999999999963e-01
6.971978053736004044e-02 5.673786820742825476e-01 9.767000000000000126e-01 8.569999999999999840e-01
5.637913498751057767e-02 5.875312566294706995e-01 9.807000000000000162e-01 8.541999999999999593e-01
1.136912432004000689e-01 6.225285791245023237e-01 9.579999999999999627e-01 8.394000000000000350e-01
6.594793391097210356e-02 6.101013402978604505e-01 9.779999999999999805e-01 8.466000000000000192e-01
6.901635974515039906e-02 6.170612516111388945e-01 9.754000000000000448e-01 8.521999999999999575e-01
8.895166627488190758e-02 6.088278458078287825e-01 9.671999999999999487e-01 8.467999999999999972e-01
1.173318203993932718e-01 6.569064009234435453e-01 9.567999999999999838e-01 8.427999999999999936e-01
4.818681436642433674e-02 6.086101688809616439e-01 9.854000000000000536e-01 8.584000000000000519e-01
7.061567663014073348e-02 6.222962224664515540e-01 9.751999999999999558e-01 8.479999999999999760e-01
5.925801099272999528e-02 6.143532103520512599e-01 9.798000000000000043e-01 8.496000000000000218e-01
1.020350268607594924e-01 6.778590276869413955e-01 9.623000000000000442e-01 8.319999999999999618e-01
1.083462454519968782e-01 6.321656121514080962e-01 9.589999999999999636e-01 8.354000000000000314e-01
7.325981043810993187e-02 5.983233461661100483e-01 9.737000000000000099e-01 8.491999999999999549e-01
9.859763174862476443e-02 6.628213813657981568e-01 9.628999999999999782e-01 8.384000000000000341e-01
1.529502616182925046e-01 7.013592617978454680e-01 9.374000000000000110e-01 8.372000000000000552e-01
7.745311020436107530e-02 5.920267254952108482e-01 9.728999999999999870e-01 8.479999999999999760e-01
1.147804573182661658e-01 6.358622832807439007e-01 9.554000000000000270e-01 8.401999999999999469e-01
8.158611792084692615e-02 6.089176948589493099e-01 9.717000000000000082e-01 8.481999999999999540e-01
7.029011643293965605e-02 6.156222675322121640e-01 9.764000000000000457e-01 8.497999999999999998e-01
8.903051830084184048e-02 6.377290325989840580e-01 9.661999999999999478e-01 8.381999999999999451e-01
1.064089070422774008e-01 5.905732014935669572e-01 9.608999999999999764e-01 8.396000000000000130e-01
6.721075440355775421e-02 6.539387585958502669e-01 9.756000000000000227e-01 8.506000000000000227e-01
6.318134127209192041e-02 6.042467552351399318e-01 9.788000000000000034e-01 8.534000000000000474e-01
9.313244078536216108e-02 6.562102037786291531e-01 9.637999999999999901e-01 8.401999999999999469e-01
6.799982012962549338e-02 5.741992405618624451e-01 9.796000000000000263e-01 8.457999999999999963e-01
1.059430763159535938e-01 6.312546864406051172e-01 9.607999999999999874e-01 8.484000000000000430e-01
9.329591196472203363e-02 6.089358243031387508e-01 9.661999999999999478e-01 8.394000000000000350e-01
9.144612687726526301e-02 6.699908909020326764e-01 9.665000000000000258e-01 8.372000000000000552e-01
1.229223308751701826e-01 6.607556355779342638e-01 9.546999999999999931e-01 8.366000000000000103e-01
6.345622990678309594e-02 6.280673714737595725e-01 9.785000000000000364e-01 8.518000000000000016e-01
9.877949690147402872e-02 6.109199913062703935e-01 9.648999999999999799e-01 8.441999999999999504e-01
7.972435045856959834e-02 6.489212024411080693e-01 9.720999999999999641e-01 8.436000000000000165e-01
1.161297517118421024e-01 6.325097099871279660e-01 9.566000000000000059e-01 8.437999999999999945e-01
1.189873363097932318e-01 6.351393068788955265e-01 9.564000000000000279e-01 8.399999999999999689e-01
6.737065389492610801e-02 5.808830511053331147e-01 9.762999999999999456e-01 8.531999999999999584e-01
6.812034217140434944e-02 6.298973228987503337e-01 9.747999999999999998e-01 8.464000000000000412e-01
1.497313974139359016e-01 6.748630019626928878e-01 9.453000000000000291e-01 8.349999999999999645e-01
1.263718062047228252e-01 6.751175496059670378e-01 9.526999999999999913e-01 8.344000000000000306e-01
3.362212960391147698e-02 6.027277431369472138e-01 9.921999999999999709e-01 8.578000000000000069e-01
9.555986473188397834e-02 6.544178555670427944e-01 9.659999999999999698e-01 8.529999999999999805e-01
6.776694892180970542e-02 6.058100705189782831e-01 9.772999999999999465e-01 8.499999999999999778e-01
7.527525650280224301e-02 6.430782536091944612e-01 9.737999999999999989e-01 8.568000000000000060e-01
8.883426984130103621e-02 6.768237778512888880e-01 9.657999999999999918e-01 8.394000000000000350e-01
7.200090922939753058e-02 6.565116843888233467e-01 9.736000000000000210e-01 8.528000000000000025e-01
7.505143576768924518e-02 6.226218638551209716e-01 9.747000000000000108e-01 8.387999999999999901e-01
8.629257234984094582e-02 6.439218610660129016e-01 9.677999999999999936e-01 8.447999999999999954e-01
8.963533482218997983e-02 6.198465249965889878e-01 9.693000000000000504e-01 8.486000000000000210e-01
6.095350073015493031e-02 6.040002363519155759e-01 9.792999999999999483e-01 8.538000000000000034e-01
5.458653230481214785e-02 5.761094832839643853e-01 9.816000000000000281e-01 8.511999999999999567e-01
6.791652348179466614e-02 5.590399033687605268e-01 9.767000000000000126e-01 8.516000000000000236e-01
6.183866548540743052e-02 5.949530872276221904e-01 9.786000000000000254e-01 8.491999999999999549e-01
1.220095160938179379e-01 6.477225290776561506e-01 9.566999999999999948e-01 8.461999999999999522e-01
6.009694997907145259e-02 6.010591023397959809e-01 9.795000000000000373e-01 8.529999999999999805e-01
8.828382302254514369e-02 5.844461294299051479e-01 9.678999999999999826e-01 8.539999999999999813e-01
1.065783191528852231e-01 6.634217677870581920e-01 9.609999999999999654e-01 8.419999999999999707e-01
7.450828384253195547e-02 6.463998414097184009e-01 9.740999999999999659e-01 8.439999999999999725e-01
1.108946148853631464e-01 6.329070707253965367e-01 9.608999999999999764e-01 8.447999999999999954e-01
6.884617351240993055e-02 6.062357341141887401e-01 9.766000000000000236e-01 8.479999999999999760e-01
1.217277640320461873e-01 6.684490444025136258e-01 9.538999999999999702e-01 8.407999999999999918e-01
7.756762610993746254e-02 6.010355777136575650e-01 9.721999999999999531e-01 8.466000000000000192e-01
1.101162050106468948e-01 7.043236022951617770e-01 9.578999999999999737e-01 8.344000000000000306e-01
6.792055828623802527e-02 6.315932450129844167e-01 9.766000000000000236e-01 8.446000000000000174e-01
1.229688084239218132e-01 6.558688507525060052e-01 9.553000000000000380e-01 8.404000000000000359e-01
6.314478350670808815e-02 6.120461729269576212e-01 9.778999999999999915e-01 8.506000000000000227e-01
9.916125039072419545e-02 6.245511337214593173e-01 9.674000000000000377e-01 8.427999999999999936e-01
1.098403863759824378e-01 6.286641470109790575e-01 9.587999999999999856e-01 8.399999999999999689e-01
1.311595249668719709e-01 7.118116428983964905e-01 9.560999999999999499e-01 8.344000000000000306e-01
5.591940186132892537e-02 5.986197410721597612e-01 9.828999999999999959e-01 8.551999999999999602e-01
1.829316439086713098e-01 7.269465243353171457e-01 9.290000000000000480e-01 8.212000000000000410e-01
8.098032217656205012e-02 6.041287955360145068e-01 9.701999999999999513e-01 8.389999999999999680e-01
7.769079289038192948e-02 6.754940343595733365e-01 9.709999999999999742e-01 8.399999999999999689e-01
6.432972948347216724e-02 5.862406035436544816e-01 9.778000000000000025e-01 8.521999999999999575e-01
1.053443248814030370e-01 6.469792509983404161e-01 9.576000000000000068e-01 8.464000000000000412e-01
7.197332347915956496e-02 5.776389166004700648e-01 9.767000000000000126e-01 8.539999999999999813e-01
1.063531735480642282e-01 5.918891103555043998e-01 9.586000000000000076e-01 8.449999999999999734e-01
9.314114563071279607e-02 6.272917943675387908e-01 9.641999999999999460e-01 8.377999999999999892e-01
6.632170522090519160e-02 6.173706294317801158e-01 9.785000000000000364e-01 8.501999999999999558e-01
7.749812026753018224e-02 6.032101927571428268e-01 9.729999999999999760e-01 8.459999999999999742e-01
8.066841730348955908e-02 6.353623107924623037e-01 9.737000000000000099e-01 8.551999999999999602e-01
1.243519638839264418e-01 7.124085907512327509e-01 9.592000000000000526e-01 8.437999999999999945e-01
8.352835259988231065e-02 6.363048707542694471e-01 9.697999999999999954e-01 8.484000000000000430e-01
1.064915466710132652e-01 6.680673518205739736e-01 9.577999999999999847e-01 8.401999999999999469e-01
4.404519816750408767e-02 5.705608685676774039e-01 9.858000000000000096e-01 8.581999999999999629e-01
8.982470816060071639e-02 6.572621148207014041e-01 9.675000000000000266e-01 8.449999999999999734e-01
8.790126293580682870e-02 5.996737044498424707e-01 9.700999999999999623e-01 8.471999999999999531e-01
7.487863303498393241e-02 6.094185921030853548e-01 9.749999999999999778e-01 8.476000000000000201e-01
9.953557248941392877e-02 6.550569512562333108e-01 9.624000000000000332e-01 8.454000000000000403e-01
8.300123620031729654e-02 6.092922804012930182e-01 9.727000000000000091e-01 8.484000000000000430e-01
7.847909682198382642e-02 6.174040883283566927e-01 9.725000000000000311e-01 8.518000000000000016e-01
1.147329243153314138e-01 6.989368618912136233e-01 9.557999999999999829e-01 8.431999999999999496e-01
1.155209930543558555e-01 6.590195896161525901e-01 9.529999999999999583e-01 8.404000000000000359e-01
8.802015373781853225e-02 5.989250478330130356e-01 9.677999999999999936e-01 8.491999999999999549e-01
6.650532227430899779e-02 6.158172378521877821e-01 9.755000000000000338e-01 8.539999999999999813e-01
9.418487451605879468e-02 6.158272302147921318e-01 9.661999999999999478e-01 8.417999999999999927e-01
9.484148494805764995e-02 6.714993644120299532e-01 9.673000000000000487e-01 8.521999999999999575e-01
9.076532529747170785e-02 6.609051970765789097e-01 9.686000000000000165e-01 8.419999999999999707e-01
5.255206070427124315e-02 6.058682957008537651e-01 9.842999999999999527e-01 8.548000000000000043e-01
8.990692263174519805e-02 6.105568616532897064e-01 9.684000000000000385e-01 8.476000000000000201e-01
1.237833729690054479e-01 7.151931290636384109e-01 9.556999999999999940e-01 8.476000000000000201e-01
7.184799313677860122e-02 5.892078747576364739e-01 9.768999999999999906e-01 8.536000000000000254e-01
8.301099764669750414e-02 6.407379535008649318e-01 9.696000000000000174e-01 8.486000000000000210e-01
7.899828762478323940e-02 5.856782250216829855e-01 9.743000000000000549e-01 8.484000000000000430e-01
5.701507076479933600e-02 6.120893146269530405e-01 9.817000000000000171e-01 8.538000000000000034e-01
6.877827590665205881e-02 5.914009784098384070e-01 9.772999999999999465e-01 8.444000000000000394e-01
8.227172458753073681e-02 6.322471911353862994e-01 9.669999999999999707e-01 8.501999999999999558e-01
5.773274063390013144e-02 6.170749692197150527e-01 9.812999999999999501e-01 8.528000000000000025e-01
1.118983391869067673e-01 6.634795360185300472e-01 9.576000000000000068e-01 8.322000000000000508e-01
6.514290684621636129e-02 6.204970255378957633e-01 9.771999999999999575e-01 8.487999999999999989e-01
8.545897861411572149e-02 6.601426442530434757e-01 9.670999999999999597e-01 8.372000000000000552e-01
9.297558617850694429e-02 6.858876350983406089e-01 9.640999999999999570e-01 8.519999999999999796e-01
6.084771023753080682e-02 6.003828670643276411e-01 9.798000000000000043e-01 8.534000000000000474e-01
6.627748787520404417e-02 6.085612829695322690e-01 9.771999999999999575e-01 8.538000000000000034e-01
5.566367715604771810e-02 6.078325711367881246e-01 9.812999999999999501e-01 8.531999999999999584e-01
6.292222122143660556e-02 6.404587180941662128e-01 9.791999999999999593e-01 8.469999999999999751e-01
5.409457657485577248e-02 6.190846126940676708e-01 9.812999999999999501e-01 8.569999999999999840e-01
1.209291748517209997e-01 6.621720074321805205e-01 9.560999999999999499e-01 8.394000000000000350e-01
8.454748904741991866e-02 6.408945303090468615e-01 9.678999999999999826e-01 8.479999999999999760e-01
1.003389729702421074e-01 6.939084489405972223e-01 9.622000000000000552e-01 8.437999999999999945e-01
5.952431092064009582e-02 5.902551327841324413e-01 9.799999999999999822e-01 8.578000000000000069e-01
7.342323429169471394e-02 6.023628237325451273e-01 9.735000000000000320e-01 8.528000000000000025e-01
7.904370289230519542e-02 6.312697375310483139e-01 9.730999999999999650e-01 8.524000000000000465e-01
8.945993187629559806e-02 6.359890104400675037e-01 9.667999999999999927e-01 8.426000000000000156e-01
8.212849568241772924e-02 6.060414661391091418e-01 9.706000000000000183e-01 8.538000000000000034e-01
7.686241332375171043e-02 5.956651609312839657e-01 9.718999999999999861e-01 8.467999999999999972e-01
9.461126978713482738e-02 6.213511572368014546e-01 9.658999999999999808e-01 8.546000000000000263e-01
5.632082387872310719e-02 6.183631011212105122e-01 9.808000000000000052e-01 8.561999999999999611e-01
9.716880682995260310e-02 6.107219519461702939e-01 9.620999999999999552e-01 8.461999999999999522e-01
8.294775215040252336e-02 5.914552113571623915e-01 9.718999999999999861e-01 8.489999999999999769e-01
9.524409315209629578e-02 6.994679185231584828e-01 9.666000000000000147e-01 8.476000000000000201e-01
4.291114181866449023e-02 5.897386439438734307e-01 9.869999999999999885e-01 8.524000000000000465e-01
9.731402287736204415e-02 6.534310637400382316e-01 9.635000000000000231e-01 8.439999999999999725e-01
5.566786948009436187e-02 6.206075637836508951e-01 9.829999999999999849e-01 8.436000000000000165e-01
6.791450834625173405e-02 6.653707716526523486e-01 9.756000000000000227e-01 8.501999999999999558e-01
1.034553332971390738e-01 5.883969342118936519e-01 9.610999999999999543e-01 8.421999999999999487e-01
1.112535844357189774e-01 7.127568693067766192e-01 9.605000000000000204e-01 8.436000000000000165e-01
1.085820573209518441e-01 6.628829787391291584e-01 9.605000000000000204e-01 8.476000000000000201e-01
6.539243750107931463e-02 6.474202574723806336e-01 9.774000000000000465e-01 8.481999999999999540e-01
5.508659499819195532e-02 6.208489955821567818e-01 9.814000000000000501e-01 8.558000000000000052e-01
1.078123952293395388e-01 6.771911174117514198e-01 9.623000000000000442e-01 8.471999999999999531e-01
6.762785321371325709e-02 6.576988771374593368e-01 9.760999999999999677e-01 8.471999999999999531e-01
1.168958959886224891e-01 6.550075755250110987e-01 9.542000000000000481e-01 8.336000000000000076e-01
5.917089255889993599e-02 6.332586899982257655e-01 9.804000000000000492e-01 8.531999999999999584e-01
1.168138618664137096e-01 6.207236125306343499e-01 9.563000000000000389e-01 8.447999999999999954e-01
1.656103765708779041e-01 7.441783371412122872e-01 9.392000000000000348e-01 8.377999999999999892e-01
1.432102886030417743e-01 7.317022711932457124e-01 9.493000000000000327e-01 8.312000000000000499e-01
6.959630756641467519e-02 6.170845063229624117e-01 9.757000000000000117e-01 8.589999999999999858e-01
4.047889724706778963e-02 6.005688170323745245e-01 9.901999999999999691e-01 8.518000000000000016e-01
5.183167312982994712e-02 6.149469938744031028e-01 9.842999999999999527e-01 8.504000000000000448e-01
1.360332545481587330e-01 6.426701836107601151e-01 9.485999999999999988e-01 8.364000000000000323e-01
1.028940625662595892e-01 6.861592118305149812e-01 9.626000000000000112e-01 8.457999999999999963e-01
8.735496788384675138e-02 6.486209781628716753e-01 9.678999999999999826e-01 8.429999999999999716e-01
3.592255611464384435e-02 5.725165624673902443e-01 9.909000000000000030e-01 8.591999999999999638e-01
6.426531788642692034e-02 6.263059781226855138e-01 9.782999999999999474e-01 8.519999999999999796e-01
