1.775107321231988333e+00 1.773850890717533879e+00 2.998000000000000109e-01 3.055999999999999828e-01
7.721675361359789935e-01 7.941938185619259460e-01 7.248999999999999888e-01 7.139999999999999680e-01
6.789818690499691556e-01 7.334210236208695832e-01 7.315000000000000391e-01 7.141999999999999460e-01
6.112472768330692308e-01 6.673397629125378261e-01 7.702999999999999847e-01 7.571999999999999842e-01
4.773973342534224007e-01 5.370553037137629770e-01 8.206999999999999851e-01 8.025999999999999801e-01
4.550101640261604019e-01 5.326901840192443949e-01 8.302000000000000490e-01 8.067999999999999616e-01
4.680793754067251733e-01 5.390531449663754637e-01 8.263000000000000345e-01 8.007999999999999563e-01
4.335123760884231348e-01 5.176215223051829906e-01 8.403000000000000469e-01 8.145999999999999908e-01
3.952628404650607163e-01 5.019119060236333363e-01 8.546000000000000263e-01 8.242000000000000437e-01
3.801963296222208299e-01 4.952434217486041401e-01 8.616000000000000325e-01 8.276000000000000023e-01
4.092615824892675835e-01 5.261634349438875091e-01 8.514000000000000457e-01 8.157999999999999696e-01
3.502530976854959510e-01 4.739063635188246471e-01 8.696000000000000396e-01 8.294000000000000261e-01
3.540556357977113211e-01 4.776554963342033444e-01 8.719000000000000083e-01 8.306000000000000050e-01
3.308098168116744286e-01 4.569821303312997518e-01 8.769000000000000128e-01 8.374000000000000332e-01
3.647615621338189396e-01 4.949949372905972367e-01 8.639999999999999902e-01 8.299999999999999600e-01
3.413351743836082197e-01 4.821742055543454808e-01 8.690999999999999837e-01 8.254000000000000226e-01
3.208819805840430472e-01 4.598617591130465532e-01 8.830000000000000071e-01 8.339999999999999636e-01
3.267963404842207376e-01 4.675474578675823945e-01 8.761999999999999789e-01 8.312000000000000499e-01
3.149793789883320594e-01 4.676568584139739748e-01 8.821999999999999842e-01 8.391999999999999460e-01
3.155593877420916904e-01 4.800759887236643597e-01 8.791999999999999815e-01 8.342000000000000526e-01
2.971659006546457094e-01 4.643753750995839313e-01 8.944999999999999618e-01 8.379999999999999671e-01
3.136868093106919830e-01 4.728015697120577787e-01 8.843999999999999639e-01 8.386000000000000121e-01
3.234221472045941681e-01 4.856714849718677951e-01 8.788000000000000256e-01 8.319999999999999618e-01
2.850238184412768883e-01 4.621127263938228924e-01 8.961000000000000076e-01 8.456000000000000183e-01
3.115368766863464423e-01 4.864033494004138536e-01 8.844999999999999529e-01 8.242000000000000437e-01
2.753469487570580077e-01 4.618810933598400670e-01 8.959000000000000297e-01 8.409999999999999698e-01
2.606517595344673421e-01 4.591840173838903638e-01 9.029000000000000359e-01 8.464000000000000412e-01
2.847850030322022219e-01 4.785433219418984696e-01 8.910000000000000142e-01 8.329999999999999627e-01
3.011043498158888498e-01 5.081373120642047603e-01 8.859000000000000208e-01 8.296000000000000041e-01
2.647435938988505488e-01 4.894287204155198245e-01 9.006999999999999451e-01 8.369999999999999662e-01
2.398951886979466541e-01 4.448057396522004381e-01 9.137999999999999456e-01 8.446000000000000174e-01
2.162521327064165222e-01 4.430914085755630616e-01 9.220000000000000417e-01 8.474000000000000421e-01
2.640042973193912901e-01 4.773763451854249884e-01 9.021000000000000130e-01 8.409999999999999698e-01
3.050130667747111279e-01 5.363270939904472012e-01 8.854999999999999538e-01 8.257999999999999785e-01
2.281216675258373461e-01 4.789338995864885762e-01 9.156999999999999584e-01 8.401999999999999469e-01
2.615255070313191599e-01 4.992749945401669942e-01 9.052999999999999936e-01 8.409999999999999698e-01
2.916416483550426930e-01 5.402913263279153222e-01 8.905999999999999472e-01 8.324000000000000288e-01
2.136372742636422906e-01 4.421092606991243179e-01 9.239000000000000545e-01 8.518000000000000016e-01
3.082486093993282439e-01 5.655684812584671484e-01 8.870000000000000107e-01 8.247999999999999776e-01
2.521266774604827843e-01 4.942919849826464818e-01 9.106999999999999540e-01 8.394000000000000350e-01
2.334347284671205724e-01 4.715788691920351217e-01 9.161000000000000254e-01 8.399999999999999689e-01
2.092265324565062978e-01 4.780194638540214980e-01 9.235999999999999766e-01 8.461999999999999522e-01
2.119246627460024679e-01 4.625232985540486119e-01 9.254000000000000004e-01 8.466000000000000192e-01
2.144560953285814253e-01 4.891227925641884466e-01 9.183000000000000052e-01 8.486000000000000210e-01
2.032656512950254957e-01 4.749984094870381424e-01 9.223000000000000087e-01 8.426000000000000156e-01
2.156041702731549825e-01 4.892220619643170565e-01 9.209000000000000519e-01 8.494000000000000439e-01
1.997068380784583208e-01 4.743153126050031476e-01 9.257999999999999563e-01 8.489999999999999769e-01
2.398878289181584356e-01 5.037356976929340258e-01 9.104999999999999760e-01 8.379999999999999671e-01
1.873309703319964992e-01 4.782939060472172765e-01 9.328999999999999515e-01 8.501999999999999558e-01
2.011574913455508318e-01 5.037114805770508408e-01 9.216999999999999638e-01 8.366000000000000103e-01
1.906654372916489759e-01 4.992825606907747016e-01 9.297999999999999599e-01 8.406000000000000139e-01
2.300530140267485757e-01 5.116030500094830291e-01 9.170000000000000373e-01 8.399999999999999689e-01
2.058882054335513245e-01 5.040286178123204452e-01 9.211000000000000298e-01 8.406000000000000139e-01
2.109977633346735715e-01 5.127574563747938630e-01 9.189000000000000501e-01 8.386000000000000121e-01
1.920633611895619652e-01 4.969855872454500001e-01 9.274000000000000021e-01 8.491999999999999549e-01
2.009695958964010931e-01 4.816793480510903613e-01 9.264000000000000012e-01 8.474000000000000421e-01
1.925837575224333131e-01 4.853391069001019575e-01 9.301000000000000378e-01 8.459999999999999742e-01
1.901962047609892792e-01 4.617888312216855140e-01 9.320000000000000506e-01 8.467999999999999972e-01
2.447435285720942766e-01 5.482384321841742292e-01 9.129000000000000448e-01 8.262000000000000455e-01
2.337635479111297987e-01 5.466862628981660199e-01 9.173000000000000043e-01 8.416000000000000147e-01
1.694925385651420979e-01 4.928719750581894155e-01 9.376999999999999780e-01 8.461999999999999522e-01
1.842007255027953427e-01 5.047925002128355043e-01 9.310000000000000497e-01 8.456000000000000183e-01
1.754833930149235222e-01 4.841789742252445850e-01 9.342000000000000304e-01 8.561999999999999611e-01
1.798121438127588956e-01 5.057746339210517084e-01 9.314000000000000057e-01 8.487999999999999989e-01
1.668879548637993704e-01 5.094634721891223572e-01 9.357999999999999652e-01 8.414000000000000368e-01
1.887734628191409803e-01 5.077167531006873125e-01 9.276999999999999691e-01 8.417999999999999927e-01
1.952746044614230014e-01 5.379881500277889916e-01 9.266999999999999682e-01 8.407999999999999918e-01
1.473942226422323420e-01 4.768519951082281216e-01 9.437999999999999723e-01 8.551999999999999602e-01
1.947521053689678927e-01 5.334752465467107463e-01 9.274000000000000021e-01 8.416000000000000147e-01
1.506273723031102130e-01 5.041531271225436761e-01 9.451000000000000512e-01 8.524000000000000465e-01
1.672205250531413057e-01 5.035744596913256377e-01 9.386999999999999789e-01 8.431999999999999496e-01
2.011544609150535401e-01 5.547130291814413861e-01 9.267999999999999572e-01 8.347999999999999865e-01
1.620665905954480901e-01 4.961958015651632414e-01 9.383000000000000229e-01 8.538000000000000034e-01
1.841556482674914508e-01 5.262511398145061081e-01 9.310000000000000497e-01 8.426000000000000156e-01
1.725312365447380369e-01 5.214547899990714663e-01 9.360000000000000542e-01 8.491999999999999549e-01
1.924937350062113639e-01 5.077984119618785819e-01 9.303000000000000158e-01 8.449999999999999734e-01
1.330510906813970329e-01 4.870473631015491134e-01 9.536999999999999922e-01 8.571999999999999620e-01
1.746201814034811506e-01 5.260510966483077366e-01 9.340000000000000524e-01 8.451999999999999513e-01
1.505805982265466803e-01 4.980140020346242591e-01 9.449999999999999512e-01 8.494000000000000439e-01
1.593102505209738062e-01 5.080962474418031505e-01 9.415999999999999925e-01 8.441999999999999504e-01
1.612680089500199976e-01 5.400340989038415751e-01 9.408999999999999586e-01 8.377999999999999892e-01
1.516144919403605296e-01 4.812660720947676274e-01 9.472000000000000419e-01 8.528000000000000025e-01
1.469381959088978395e-01 4.844360421669695049e-01 9.495999999999999996e-01 8.501999999999999558e-01
1.610809127344350611e-01 5.040987216195148557e-01 9.385999999999999899e-01 8.416000000000000147e-01
1.908836570465878846e-01 5.588541780303667439e-01 9.255999999999999783e-01 8.329999999999999627e-01
1.545714745614815144e-01 5.224466025099894217e-01 9.415000000000000036e-01 8.476000000000000201e-01
2.151912091865346988e-01 5.762476952345481074e-01 9.224999999999999867e-01 8.366000000000000103e-01
1.348303917916024164e-01 5.139433096039814908e-01 9.528999999999999693e-01 8.526000000000000245e-01
1.304879935980624850e-01 5.258873838303035342e-01 9.524000000000000243e-01 8.424000000000000377e-01
1.755977697759263378e-01 5.836977822231843582e-01 9.326999999999999735e-01 8.496000000000000218e-01
1.345996717820278354e-01 5.355621471549029122e-01 9.509999999999999565e-01 8.519999999999999796e-01
2.118944583666673709e-01 5.680395332422925048e-01 9.163999999999999924e-01 8.299999999999999600e-01
1.324926004074129526e-01 5.383618090661328459e-01 9.516999999999999904e-01 8.509999999999999787e-01
1.425252477740173163e-01 5.394456507131096812e-01 9.491000000000000547e-01 8.487999999999999989e-01
1.350348174372940913e-01 5.271573954913180149e-01 9.509999999999999565e-01 8.494000000000000439e-01
1.208292470761640064e-01 5.022671756587088199e-01 9.583000000000000407e-01 8.549999999999999822e-01
1.295520050552376179e-01 5.166290828794027901e-01 9.538999999999999702e-01 8.469999999999999751e-01
1.752240776879804840e-01 5.540554966664665848e-01 9.357999999999999652e-01 8.372000000000000552e-01
1.512014331025886560e-01 4.885431957742603082e-01 9.472000000000000419e-01 8.464000000000000412e-01
1.453591446923215569e-01 5.357244791596744715e-01 9.448999999999999622e-01 8.426000000000000156e-01
1.864625217460409434e-01 5.721434261070441618e-01 9.264000000000000012e-01 8.377999999999999892e-01
2.487474344314710428e-01 6.498086808781605717e-01 8.959000000000000297e-01 8.092000000000000304e-01
1.602083264986664257e-01 5.729601404798629893e-01 9.411000000000000476e-01 8.372000000000000552e-01
2.158482089844250829e-01 5.597220013161111618e-01 9.194999999999999840e-01 8.314000000000000279e-01
1.584109015683078381e-01 5.665197934089577503e-01 9.364999999999999991e-01 8.317999999999999838e-01
1.048159785648971887e-01 4.923912466330123694e-01 9.658999999999999808e-01 8.574000000000000510e-01
1.675496414715521576e-01 5.499052924948975019e-01 9.361000000000000432e-01 8.456000000000000183e-01
2.108886682187107453e-01 5.743855191039423103e-01 9.163999999999999924e-01 8.244000000000000217e-01
1.169453771756521487e-01 5.285521995431330389e-01 9.615000000000000213e-01 8.494000000000000439e-01
1.475713239737420357e-01 5.703017155631554536e-01 9.451000000000000512e-01 8.539999999999999813e-01
1.178757256470294168e-01 5.603847618365586092e-01 9.576000000000000068e-01 8.501999999999999558e-01
1.198883283547508838e-01 5.668716805839376649e-01 9.577999999999999847e-01 8.479999999999999760e-01
1.323507414567536566e-01 5.531381513555017060e-01 9.527999999999999803e-01 8.434000000000000385e-01
1.237404484761350648e-01 5.197070902704673534e-01 9.539999999999999591e-01 8.544000000000000483e-01
1.691083610867556708e-01 6.543018386623363769e-01 9.395999999999999908e-01 8.394000000000000350e-01
1.370428923159092982e-01 5.427099740704934838e-01 9.495000000000000107e-01 8.539999999999999813e-01
1.411632643048758851e-01 5.567267630085032115e-01 9.475000000000000089e-01 8.501999999999999558e-01
1.362897199439693785e-01 5.716953162832463242e-01 9.455000000000000071e-01 8.499999999999999778e-01
1.032844195632953710e-01 4.859671128646830818e-01 9.664000000000000368e-01 8.571999999999999620e-01
1.187767393150663819e-01 5.341496136277191775e-01 9.569999999999999618e-01 8.509999999999999787e-01
1.308830670554878006e-01 5.974636800558065231e-01 9.536000000000000032e-01 8.476000000000000201e-01
1.264074120792897660e-01 5.555285652891285286e-01 9.553000000000000380e-01 8.474000000000000421e-01
1.583622846784170091e-01 6.061125474271118474e-01 9.431000000000000494e-01 8.329999999999999627e-01
1.496754768950173398e-01 5.925698597313783234e-01 9.449999999999999512e-01 8.377999999999999892e-01
1.450495295071722035e-01 5.666980216337225151e-01 9.444000000000000172e-01 8.481999999999999540e-01
1.275957212193343793e-01 5.620256715882842036e-01 9.546000000000000041e-01 8.551999999999999602e-01
1.709300822159399991e-01 6.068088142012558750e-01 9.324999999999999956e-01 8.284000000000000252e-01
9.211835187557099180e-02 5.033462858297838016e-01 9.695000000000000284e-01 8.591999999999999638e-01
1.233100597134296067e-01 5.563097633949785070e-01 9.546999999999999931e-01 8.437999999999999945e-01
1.420573895898965544e-01 5.770318518994880241e-01 9.462000000000000410e-01 8.374000000000000332e-01
1.532366349601404221e-01 5.857427236556712602e-01 9.426999999999999824e-01 8.389999999999999680e-01
1.657683903498574085e-01 5.687577976114374101e-01 9.379999999999999449e-01 8.384000000000000341e-01
1.140574421365285196e-01 5.525470232933794579e-01 9.596000000000000085e-01 8.466000000000000192e-01
1.776137962600260745e-01 5.905470257837373005e-01 9.298999999999999488e-01 8.379999999999999671e-01
9.184076852954992098e-02 5.428608103660206297e-01 9.697000000000000064e-01 8.511999999999999567e-01
1.288984657220566266e-01 5.416897994936747951e-01 9.533000000000000362e-01 8.479999999999999760e-01
1.081448912005429086e-01 5.301982483256638679e-01 9.641999999999999460e-01 8.538000000000000034e-01
1.543506801980721876e-01 5.692166617156666497e-01 9.433000000000000274e-01 8.357999999999999874e-01
9.054525423870324330e-02 5.364438381534563094e-01 9.705000000000000293e-01 8.588000000000000078e-01
1.099339210683092649e-01 5.795165523523212459e-01 9.592000000000000526e-01 8.469999999999999751e-01
1.077049376363603816e-01 5.517204384685461260e-01 9.607999999999999874e-01 8.497999999999999998e-01
1.000518571467231277e-01 5.522603927191144235e-01 9.623000000000000442e-01 8.551999999999999602e-01
1.081657279929582466e-01 5.545687632083743379e-01 9.618999999999999773e-01 8.469999999999999751e-01
1.297082773856257920e-01 5.708906953981631727e-01 9.525000000000000133e-01 8.466000000000000192e-01
1.115443329145239387e-01 6.175157490740370569e-01 9.566000000000000059e-01 8.476000000000000201e-01
1.295801859966491110e-01 5.704446696124366722e-01 9.518999999999999684e-01 8.441999999999999504e-01
1.187916286155543261e-01 5.544882517254717813e-01 9.557999999999999829e-01 8.549999999999999822e-01
1.167437183455454497e-01 5.352024074026932032e-01 9.600999999999999535e-01 8.447999999999999954e-01
1.077458536354555241e-01 5.629487747192534197e-01 9.599999999999999645e-01 8.539999999999999813e-01
9.814073038806904459e-02 5.459728578826791301e-01 9.666000000000000147e-01 8.446000000000000174e-01
9.886208465362597564e-02 5.431307174395176851e-01 9.668999999999999817e-01 8.494000000000000439e-01
8.403778779793101561e-02 5.310628921890194754e-01 9.713000000000000522e-01 8.591999999999999638e-01
1.057405241071192464e-01 5.674029708291338236e-01 9.617999999999999883e-01 8.506000000000000227e-01
1.176965457866289144e-01 5.962798309740671154e-01 9.586999999999999966e-01 8.509999999999999787e-01
1.116536833716360866e-01 5.106511124247096189e-01 9.608999999999999764e-01 8.479999999999999760e-01
9.756333663925025046e-02 5.712122948013024226e-01 9.650999999999999579e-01 8.526000000000000245e-01
9.094027666427768886e-02 5.242555775051912503e-01 9.710999999999999632e-01 8.511999999999999567e-01
1.155081377353206068e-01 5.588172175018323307e-01 9.579999999999999627e-01 8.484000000000000430e-01
9.582126772352922428e-02 5.413651634725141770e-01 9.665000000000000258e-01 8.518000000000000016e-01
1.141152890540087644e-01 5.322106453458335107e-01 9.596000000000000085e-01 8.424000000000000377e-01
1.411144701475556262e-01 5.367269364697477840e-01 9.489999999999999547e-01 8.499999999999999778e-01
1.168239486618899703e-01 5.963185028436200907e-01 9.584000000000000297e-01 8.494000000000000439e-01
1.226581785494406662e-01 5.722806016910321203e-01 9.548999999999999710e-01 8.471999999999999531e-01
1.010291923759962240e-01 5.122869813845066789e-01 9.651999999999999469e-01 8.538000000000000034e-01
1.583727784971497854e-01 6.296071837354504375e-01 9.438999999999999613e-01 8.344000000000000306e-01
1.310669664656965439e-01 6.027267571707158877e-01 9.483000000000000318e-01 8.411999999999999478e-01
1.129834550614751548e-01 5.709459870265216619e-01 9.597999999999999865e-01 8.434000000000000385e-01
1.008073686910515715e-01 5.334484688499355753e-01 9.656000000000000139e-01 8.479999999999999760e-01
9.662619669236670317e-02 5.334452345842686238e-01 9.666000000000000147e-01 8.491999999999999549e-01
1.583599595981390051e-01 6.508033901812595445e-01 9.437999999999999723e-01 8.421999999999999487e-01
7.008947457331958508e-02 5.397950670934525963e-01 9.804000000000000492e-01 8.528000000000000025e-01
1.122143913509734831e-01 5.664186383908248468e-01 9.596999999999999975e-01 8.477999999999999980e-01
1.135365789565704747e-01 5.461318414604858784e-01 9.608999999999999764e-01 8.536000000000000254e-01
1.387686889312108041e-01 6.281833348091792057e-01 9.478999999999999648e-01 8.376000000000000112e-01
1.538465529251544506e-01 5.868600345933523421e-01 9.441000000000000503e-01 8.417999999999999927e-01
9.473747289743889022e-02 5.592361032614741045e-01 9.668999999999999817e-01 8.506000000000000227e-01
9.846837027961499733e-02 5.520666966951687238e-01 9.639999999999999680e-01 8.474000000000000421e-01
1.027782883662277102e-01 5.706950055052064652e-01 9.651999999999999469e-01 8.426000000000000156e-01
1.010444451857872572e-01 5.875177614107821578e-01 9.655000000000000249e-01 8.479999999999999760e-01
7.207919745649854493e-02 5.895368713313521303e-01 9.757000000000000117e-01 8.529999999999999805e-01
1.166091299597301900e-01 5.699338477385692547e-01 9.586999999999999966e-01 8.386000000000000121e-01
9.541583433693982819e-02 5.747255572412778291e-01 9.686000000000000165e-01 8.446000000000000174e-01
1.036561317089139261e-01 6.045387383287815775e-01 9.634000000000000341e-01 8.508000000000000007e-01
1.462525899980211819e-01 6.233167178488483451e-01 9.462000000000000410e-01 8.451999999999999513e-01
7.544503479943912017e-02 5.404353366001671821e-01 9.749999999999999778e-01 8.529999999999999805e-01
1.007044362422307576e-01 6.195010891580730039e-01 9.623000000000000442e-01 8.464000000000000412e-01
1.506413841180804236e-01 6.367032157813496962e-01 9.409999999999999476e-01 8.454000000000000403e-01
1.194929576546037431e-01 5.833422830593203434e-01 9.576000000000000068e-01 8.436000000000000165e-01
9.591575500139898347e-02 5.431388582309907287e-01 9.663000000000000478e-01 8.508000000000000007e-01
9.441623091659455402e-02 5.763054213605162124e-01 9.676000000000000156e-01 8.506000000000000227e-01
1.038450142901303080e-01 5.377794779718853002e-01 9.651999999999999469e-01 8.526000000000000245e-01
7.286099412014764021e-02 5.509733171010799957e-01 9.758999999999999897e-01 8.556000000000000272e-01
1.131628858255127185e-01 5.614153447814216324e-01 9.602000000000000535e-01 8.469999999999999751e-01
1.129087915929240377e-01 5.783926408805342145e-01 9.596999999999999975e-01 8.417999999999999927e-01
7.372013498099930229e-02 5.335455352310808363e-01 9.745000000000000329e-01 8.579999999999999849e-01
1.191653372136621813e-01 5.839718652451970637e-01 9.573000000000000398e-01 8.476000000000000201e-01
1.026352776338990413e-01 5.609967477516248913e-01 9.647000000000000020e-01 8.511999999999999567e-01
1.036209794974873588e-01 5.590761979955454208e-01 9.607999999999999874e-01 8.476000000000000201e-01
9.539197693037640424e-02 5.742247882447427676e-01 9.665000000000000258e-01 8.556000000000000272e-01
8.532844423329206951e-02 5.528635825302803397e-01 9.697000000000000064e-01 8.491999999999999549e-01
1.128126221518291478e-01 5.739528104276968579e-01 9.595000000000000195e-01 8.454000000000000403e-01
1.033787518132367744e-01 5.728096070454080646e-01 9.639999999999999680e-01 8.466000000000000192e-01
8.604912996883176679e-02 5.712007006304951062e-01 9.688999999999999835e-01 8.554000000000000492e-01
7.141451179143007422e-02 5.682552167254080189e-01 9.768000000000000016e-01 8.546000000000000263e-01
8.941104863413482096e-02 5.419918595296860930e-01 9.687999999999999945e-01 8.578000000000000069e-01
8.444499284253521865e-02 5.846403374435398259e-01 9.707000000000000073e-01 8.538000000000000034e-01
7.894902777025687712e-02 5.638462950291712739e-01 9.741999999999999549e-01 8.531999999999999584e-01
7.686732421669213722e-02 5.941176667300541725e-01 9.737999999999999989e-01 8.578000000000000069e-01
1.009647172117309755e-01 5.085945003569272149e-01 9.674000000000000377e-01 8.526000000000000245e-01
1.682113266586253708e-01 6.176589235675711276e-01 9.345999999999999863e-01 8.334000000000000297e-01
1.354644168078243394e-01 6.087038133972704212e-01 9.504000000000000226e-01 8.417999999999999927e-01
7.857007226360152030e-02 5.210892145139168763e-01 9.733000000000000540e-01 8.578000000000000069e-01
8.991747115062451168e-02 5.637122798782658872e-01 9.689999999999999725e-01 8.531999999999999584e-01
7.848161702765621417e-02 5.601557144063579186e-01 9.735000000000000320e-01 8.579999999999999849e-01
8.236622400182995463e-02 5.912244080010404801e-01 9.714000000000000412e-01 8.484000000000000430e-01
8.597821240251818375e-02 5.828449787005669513e-01 9.711999999999999522e-01 8.491999999999999549e-01
1.211753331578103859e-01 5.576830649499000536e-01 9.547999999999999821e-01 8.477999999999999980e-01
1.079759164253832338e-01 5.529362518770413182e-01 9.613000000000000433e-01 8.489999999999999769e-01
1.352115982536181982e-01 6.044174037678365918e-01 9.542000000000000481e-01 8.364000000000000323e-01
8.938521063316630377e-02 5.920775676831427914e-01 9.657999999999999918e-01 8.516000000000000236e-01
1.331747359010972132e-01 6.065142432601784428e-01 9.479999999999999538e-01 8.391999999999999460e-01
1.443409351259532791e-01 6.198535913171588918e-01 9.411000000000000476e-01 8.299999999999999600e-01
9.649435998071144438e-02 5.247091712215795622e-01 9.715000000000000302e-01 8.528000000000000025e-01
8.502484730015155701e-02 5.383937290565694589e-01 9.714000000000000412e-01 8.576000000000000290e-01
1.009833119125481682e-01 5.899411230367571646e-01 9.653000000000000469e-01 8.541999999999999593e-01
1.081606945184154928e-01 5.919507148438276634e-01 9.600999999999999535e-01 8.481999999999999540e-01
8.387741720874024309e-02 5.868511102955746850e-01 9.701999999999999513e-01 8.536000000000000254e-01
1.010674214185934006e-01 5.714466790864700663e-01 9.631999999999999451e-01 8.407999999999999918e-01
7.108052758643454427e-02 5.222201018450401966e-01 9.776000000000000245e-01 8.551999999999999602e-01
1.277041108832655258e-01 5.960062250643651804e-01 9.536000000000000032e-01 8.384000000000000341e-01
1.022893757838567869e-01 5.874238886192618692e-01 9.646000000000000130e-01 8.568000000000000060e-01
1.223995018401080881e-01 6.265753222244374587e-01 9.566000000000000059e-01 8.499999999999999778e-01
1.078389519188833051e-01 5.857602986244494492e-01 9.609999999999999654e-01 8.431999999999999496e-01
9.921738374529170956e-02 5.858246536589518660e-01 9.636000000000000121e-01 8.476000000000000201e-01
1.915862786916258664e-01 7.436208288408550082e-01 9.386999999999999789e-01 8.409999999999999698e-01
1.829242433711067428e-01 6.590954958117452023e-01 9.351000000000000423e-01 8.434000000000000385e-01
1.233596026631175874e-01 5.949773035177040592e-01 9.533000000000000362e-01 8.454000000000000403e-01
1.041229320547756299e-01 6.208090613005250447e-01 9.596999999999999975e-01 8.536000000000000254e-01
1.070831542194222025e-01 5.884091705981362441e-01 9.627000000000000002e-01 8.551999999999999602e-01
1.559692871393470737e-01 6.712138037722000794e-01 9.394000000000000128e-01 8.322000000000000508e-01
7.696393814929636257e-02 5.620361016926627151e-01 9.731999999999999540e-01 8.594000000000000528e-01
9.780374544358180766e-02 5.505167912299236965e-01 9.657999999999999918e-01 8.499999999999999778e-01
7.790699043526927436e-02 5.701881795012408993e-01 9.737000000000000099e-01 8.546000000000000263e-01
1.871167511370729342e-01 6.742636397392056669e-01 9.330000000000000515e-01 8.384000000000000341e-01
1.207065914868313272e-01 6.312902793949272118e-01 9.545000000000000151e-01 8.461999999999999522e-01
7.122253663662475587e-02 5.470972043377767546e-01 9.758999999999999897e-01 8.584000000000000519e-01
7.609769212758150936e-02 5.761057262011285429e-01 9.733000000000000540e-01 8.496000000000000218e-01
7.494981128435448947e-02 5.822399292963302830e-01 9.755000000000000338e-01 8.518000000000000016e-01
9.270820775384143453e-02 6.317774884936797619e-01 9.666000000000000147e-01 8.486000000000000210e-01
6.714661229897170291e-02 5.313964048461807810e-01 9.767000000000000126e-01 8.576000000000000290e-01
1.217359903458468118e-01 6.275171327916411190e-01 9.519999999999999574e-01 8.454000000000000403e-01
1.153414240830474974e-01 5.922338688000058360e-01 9.586999999999999966e-01 8.411999999999999478e-01
8.410892740196025674e-02 6.170372564892475653e-01 9.694000000000000394e-01 8.459999999999999742e-01
9.395316428359354322e-02 5.474217949741637668e-01 9.653000000000000469e-01 8.511999999999999567e-01
6.431588027924195483e-02 5.612818352725021942e-01 9.796000000000000263e-01 8.574000000000000510e-01
8.002031018923551342e-02 5.788183061899341286e-01 9.731999999999999540e-01 8.538000000000000034e-01
1.017306199000351796e-01 5.132482322963327626e-01 9.647999999999999909e-01 8.518000000000000016e-01
1.048855289913747518e-01 5.797122958445926066e-01 9.620999999999999552e-01 8.467999999999999972e-01
1.303271752530292260e-01 6.116949943902729725e-01 9.514000000000000234e-01 8.581999999999999629e-01
7.278354551390063543e-02 5.345651421207876508e-01 9.758000000000000007e-01 8.584000000000000519e-01
1.068326930369658118e-01 6.232303878588868473e-01 9.615000000000000213e-01 8.444000000000000394e-01
8.258357263571988738e-02 5.771304017468522618e-01 9.687000000000000055e-01 8.501999999999999558e-01
1.255565902677769352e-01 5.880472754837724469e-01 9.519999999999999574e-01 8.434000000000000385e-01
1.048789042914256703e-01 6.054888591266753828e-01 9.645000000000000240e-01 8.521999999999999575e-01
8.241846469943757414e-02 6.033241587055170330e-01 9.701999999999999513e-01 8.581999999999999629e-01
1.372605394646441157e-01 7.012949711407236997e-01 9.504000000000000226e-01 8.479999999999999760e-01
9.492799965010118024e-02 5.882724055318996337e-01 9.653000000000000469e-01 8.424000000000000377e-01
1.153084166337944166e-01 6.121836244786887926e-01 9.574000000000000288e-01 8.489999999999999769e-01
8.109882789949653115e-02 5.544448218228370528e-01 9.747999999999999998e-01 8.519999999999999796e-01
7.242600749481403755e-02 5.755462748995351374e-01 9.751999999999999558e-01 8.528000000000000025e-01
1.607635757351189576e-01 6.600491783443851457e-01 9.417999999999999705e-01 8.416000000000000147e-01
9.285445169801233301e-02 6.508512584298352666e-01 9.663000000000000478e-01 8.441999999999999504e-01
9.794120388780597208e-02 5.537685057389030163e-01 9.677999999999999936e-01 8.521999999999999575e-01
8.785992139139578438e-02 5.725453217959224350e-01 9.678999999999999826e-01 8.487999999999999989e-01
7.287098659393349831e-02 5.837586529204834562e-01 9.749999999999999778e-01 8.499999999999999778e-01
1.482793208017119113e-01 6.114730941205712700e-01 9.419999999999999485e-01 8.466000000000000192e-01
1.858999129885771096e-01 7.059230603563397821e-01 9.310000000000000497e-01 8.407999999999999918e-01
5.965440204982506989e-02 5.906748344055923194e-01 9.808000000000000052e-01 8.598000000000000087e-01
1.326123685389395956e-01 6.445228767142779924e-01 9.509999999999999565e-01 8.386000000000000121e-01
6.993037959830583628e-02 5.683950064136401581e-01 9.795000000000000373e-01 8.549999999999999822e-01
2.337515452364987145e-01 7.793971134403351320e-01 9.254000000000000004e-01 8.356000000000000094e-01
9.418115603975754646e-02 6.110721436352058999e-01 9.648999999999999799e-01 8.499999999999999778e-01
1.037070998501816305e-01 6.108507057043696120e-01 9.627000000000000002e-01 8.509999999999999787e-01
1.193552372105182724e-01 6.425022681942805791e-01 9.547999999999999821e-01 8.446000000000000174e-01
9.559955957101738677e-02 6.313487689576658957e-01 9.640999999999999570e-01 8.467999999999999972e-01
1.405751769436521526e-01 6.205166365341554524e-01 9.458999999999999631e-01 8.461999999999999522e-01
6.040015764523170433e-02 5.958592337998268595e-01 9.800999999999999712e-01 8.521999999999999575e-01
8.640780031045261489e-02 5.817033441393010262e-01 9.697999999999999954e-01 8.477999999999999980e-01
7.721697493828134917e-02 6.136949631166094266e-01 9.726000000000000201e-01 8.497999999999999998e-01
8.980978670169086076e-02 5.906134136881815433e-01 9.678999999999999826e-01 8.499999999999999778e-01
8.762370627226220843e-02 5.832802916215508171e-01 9.671999999999999487e-01 8.544000000000000483e-01
1.051024148372488032e-01 6.460352837535214832e-01 9.595000000000000195e-01 8.419999999999999707e-01
1.160517188829525564e-01 5.854692347853714951e-01 9.576999999999999957e-01 8.319999999999999618e-01
1.177128870662875609e-01 6.328760328424505310e-01 9.575000000000000178e-01 8.461999999999999522e-01
6.469017600047566319e-02 5.928563114171336856e-01 9.791999999999999593e-01 8.496000000000000218e-01
1.092347657994897914e-01 6.292895752146134836e-01 9.603000000000000425e-01 8.447999999999999954e-01
7.499396475825421959e-02 6.363692094367284779e-01 9.721999999999999531e-01 8.496000000000000218e-01
1.191516298246283884e-01 6.471204860186853258e-01 9.529999999999999583e-01 8.494000000000000439e-01
7.268234593253998510e-02 5.902901150790088591e-01 9.739999999999999769e-01 8.558000000000000052e-01
8.125144196714281786e-02 5.815241264297941193e-01 9.708999999999999853e-01 8.486000000000000210e-01
7.521640152495985554e-02 5.730507717891748509e-01 9.743000000000000549e-01 8.508000000000000007e-01
8.016750523201628120e-02 6.156801907652390549e-01 9.720999999999999641e-01 8.538000000000000034e-01
1.043437144768468716e-01 6.312919050945289268e-01 9.624000000000000332e-01 8.541999999999999593e-01
9.502100760571580151e-02 6.403009461297620719e-01 9.645000000000000240e-01 8.427999999999999936e-01
9.375309492187211546e-02 6.275562907870160245e-01 9.668999999999999817e-01 8.469999999999999751e-01
7.679732104153716432e-02 5.876272422544202012e-01 9.755000000000000338e-01 8.574000000000000510e-01
9.641229817407050151e-02 6.261285988479927678e-01 9.644000000000000350e-01 8.411999999999999478e-01
6.173038366993524595e-02 5.764567112957174055e-01 9.806000000000000272e-01 8.559999999999999831e-01
1.125779233263349000e-01 6.479923635565202344e-01 9.574000000000000288e-01 8.454000000000000403e-01
1.437825077705550125e-01 6.712989182037965019e-01 9.451000000000000512e-01 8.319999999999999618e-01
7.912352043752074460e-02 6.105951695744211705e-01 9.709999999999999742e-01 8.439999999999999725e-01
8.752368125083305472e-02 6.074012291853657652e-01 9.714000000000000412e-01 8.476000000000000201e-01
6.636225940895235098e-02 6.014731827930741570e-01 9.782999999999999474e-01 8.518000000000000016e-01
1.007801609437432716e-01 6.044114442461981929e-01 9.647000000000000020e-01 8.417999999999999927e-01
7.054757516022536201e-02 6.185718561348267919e-01 9.751999999999999558e-01 8.514000000000000457e-01
9.534521929460122724e-02 6.026531530486372024e-01 9.641999999999999460e-01 8.588000000000000078e-01
1.028576732338231520e-01 6.066958190127513806e-01 9.660999999999999588e-01 8.427999999999999936e-01
8.377745246748627417e-02 6.078973165440604287e-01 9.725000000000000311e-01 8.546000000000000263e-01
1.204469156793978313e-01 6.137964530045122435e-01 9.558999999999999719e-01 8.454000000000000403e-01
7.590759502377582291e-02 5.732083168606606494e-01 9.727999999999999980e-01 8.514000000000000457e-01
6.058240835888184517e-02 5.501854602975870812e-01 9.811999999999999611e-01 8.621999999999999664e-01
7.943536036166921888e-02 6.044087387376128051e-01 9.710999999999999632e-01 8.511999999999999567e-01
8.040988761657555384e-02 5.951890339349207304e-01 9.704000000000000403e-01 8.521999999999999575e-01
7.733956793670557217e-02 5.794274228154990825e-01 9.737000000000000099e-01 8.519999999999999796e-01
1.695305402449201748e-01 6.873033596306042936e-01 9.371000000000000441e-01 8.387999999999999901e-01
5.965019929262431464e-02 5.926529575720267395e-01 9.794000000000000483e-01 8.554000000000000492e-01
1.462379666603436934e-01 5.680278513533064677e-01 9.422000000000000375e-01 8.334000000000000297e-01
7.154092912365347945e-02 5.842203390857053646e-01 9.759999999999999787e-01 8.591999999999999638e-01
5.871151805525464534e-02 5.997971225282014984e-01 9.807000000000000162e-01 8.551999999999999602e-01
9.178142090388861918e-02 5.645658510303550592e-01 9.688999999999999835e-01 8.496000000000000218e-01
8.483726854879540535e-02 5.620124989601279486e-01 9.719999999999999751e-01 8.479999999999999760e-01
1.112094348643745262e-01 6.278925326179127797e-01 9.612000000000000544e-01 8.539999999999999813e-01
8.898591359975376036e-02 6.338416579623752378e-01 9.667999999999999927e-01 8.434000000000000385e-01
9.082401754463856336e-02 6.233742552050464125e-01 9.668999999999999817e-01 8.511999999999999567e-01
1.210014220507723143e-01 6.336944058728906093e-01 9.563000000000000389e-01 8.461999999999999522e-01
9.771748636134663935e-02 6.050063472019737709e-01 9.651999999999999469e-01 8.531999999999999584e-01
7.872865633802304808e-02 5.535782803949493847e-01 9.726000000000000201e-01 8.559999999999999831e-01
9.328644110734574113e-02 5.501100310430842022e-01 9.675000000000000266e-01 8.489999999999999769e-01
6.758970664558951180e-02 5.764321160827059476e-01 9.781999999999999584e-01 8.524000000000000465e-01
6.811765548945873661e-02 5.838708200596517406e-01 9.778000000000000025e-01 8.586000000000000298e-01
7.834606996293114189e-02 6.463724766179085313e-01 9.713000000000000522e-01 8.539999999999999813e-01
1.157511114338052316e-01 6.423961292034368054e-01 9.549999999999999600e-01 8.362000000000000544e-01
9.116193377210565774e-02 6.102724159787304981e-01 9.667000000000000037e-01 8.449999999999999734e-01
1.070639916862922980e-01 6.270597784723642709e-01 9.630999999999999561e-01 8.387999999999999901e-01
8.344376606921799500e-02 5.749150556620966634e-01 9.720999999999999641e-01 8.506000000000000227e-01
7.872101055372339451e-02 5.677751802017432237e-01 9.706000000000000183e-01 8.641999999999999682e-01
1.072527287588795342e-01 5.727992164916607676e-01 9.613000000000000433e-01 8.444000000000000394e-01
1.167871377873601901e-01 6.410034065613554599e-01 9.525000000000000133e-01 8.406000000000000139e-01
8.461661739277112626e-02 6.168973138584560312e-01 9.694000000000000394e-01 8.444000000000000394e-01
6.585190959126394072e-02 6.006428749166315972e-01 9.778999999999999915e-01 8.514000000000000457e-01
7.624122741862746078e-02 5.725552179313830869e-01 9.729999999999999760e-01 8.518000000000000016e-01
8.605352598196561176e-02 5.763606554646834024e-01 9.667999999999999927e-01 8.514000000000000457e-01
1.310092616334098403e-01 6.260334745048721228e-01 9.494000000000000217e-01 8.376000000000000112e-01
6.074127034453980639e-02 5.512483217533579172e-01 9.821999999999999620e-01 8.549999999999999822e-01
1.047744078449946298e-01 6.184697748538315887e-01 9.636000000000000121e-01 8.444000000000000394e-01
5.750853606793166622e-02 5.794728245167396485e-01 9.829999999999999849e-01 8.599999999999999867e-01
1.072370840155068838e-01 6.026586777749275425e-01 9.617999999999999883e-01 8.466000000000000192e-01
1.232663674385719305e-01 6.884107283754263840e-01 9.556000000000000050e-01 8.446000000000000174e-01
8.894257014947165585e-02 6.023285202582394637e-01 9.673000000000000487e-01 8.589999999999999858e-01
1.282697110590010070e-01 6.979999803980052597e-01 9.498999999999999666e-01 8.411999999999999478e-01
7.267016258529870876e-02 5.751263219077183964e-01 9.765000000000000346e-01 8.516000000000000236e-01
7.031509072731044474e-02 5.792911699300108408e-01 9.762999999999999456e-01 8.489999999999999769e-01
9.382600423264882139e-02 6.228527516362806216e-01 9.661999999999999478e-01 8.506000000000000227e-01
7.160730420903130278e-02 6.202691077901394401e-01 9.719999999999999751e-01 8.558000000000000052e-01
7.732269741849155664e-02 5.621465368922147210e-01 9.733000000000000540e-01 8.501999999999999558e-01
1.262337663429128343e-01 6.360819242796120765e-01 9.516000000000000014e-01 8.436000000000000165e-01
1.202779166126884125e-01 6.149124138418669006e-01 9.565000000000000169e-01 8.476000000000000201e-01
1.094668056788231508e-01 6.363533144701787325e-01 9.565000000000000169e-01 8.417999999999999927e-01
8.260163342849476120e-02 5.933801532131611767e-01 9.691999999999999504e-01 8.526000000000000245e-01
1.181810372155906175e-01 6.645128204659254134e-01 9.576999999999999957e-01 8.407999999999999918e-01
9.532263259665080257e-02 6.250892542822463760e-01 9.655000000000000249e-01 8.467999999999999972e-01
6.096532917363656212e-02 5.741272397947113637e-01 9.807000000000000162e-01 8.584000000000000519e-01
8.071810174806300087e-02 5.783063702563285835e-01 9.711999999999999522e-01 8.536000000000000254e-01
6.857694234359307250e-02 6.102131494504914322e-01 9.772999999999999465e-01 8.446000000000000174e-01
7.903603184228644163e-02 6.087822644892887380e-01 9.713000000000000522e-01 8.528000000000000025e-01
6.659561665762767091e-02 5.519588338235144054e-01 9.784000000000000474e-01 8.509999999999999787e-01
7.579537750893348969e-02 6.007767857005612555e-01 9.715000000000000302e-01 8.499999999999999778e-01
1.015740355496868585e-01 6.358200014407240364e-01 9.607999999999999874e-01 8.457999999999999963e-01
9.742859292671901539e-02 5.783074142111949145e-01 9.648999999999999799e-01 8.454000000000000403e-01
5.102608986253648338e-02 5.676039192717453608e-01 9.852999999999999536e-01 8.559999999999999831e-01
8.376083741159309759e-02 6.266519860404812237e-01 9.704000000000000403e-01 8.571999999999999620e-01
6.539704618111666368e-02 5.964013546064665938e-01 9.771999999999999575e-01 8.524000000000000465e-01
7.565869707800546018e-02 6.021900585022442742e-01 9.740999999999999659e-01 8.506000000000000227e-01
8.779515399608121828e-02 6.127664654309724623e-01 9.689999999999999725e-01 8.529999999999999805e-01
5.829836191167821896e-02 5.957529935107102048e-01 9.822999999999999510e-01 8.559999999999999831e-01
6.324635193578094505e-02 5.745041267024491027e-01 9.795000000000000373e-01 8.504000000000000448e-01
6.553077990899168481e-02 5.597339530975841138e-01 9.771999999999999575e-01 8.554000000000000492e-01
7.448865988095863810e-02 6.141014871261464281e-01 9.747000000000000108e-01 8.466000000000000192e-01
1.002884641656987402e-01 6.345907785456116335e-01 9.604000000000000314e-01 8.541999999999999593e-01
9.317459774467294620e-02 6.390053178948239543e-01 9.666000000000000147e-01 8.419999999999999707e-01
7.782011114002503060e-02 6.095225400291608420e-01 9.718999999999999861e-01 8.559999999999999831e-01
7.611388726053566756e-02 5.977401206673037537e-01 9.747999999999999998e-01 8.487999999999999989e-01
9.094870971099915102e-02 6.293651247240447111e-01 9.685000000000000275e-01 8.467999999999999972e-01
6.946294669717532899e-02 5.890034602907888717e-01 9.781999999999999584e-01 8.569999999999999840e-01
7.256184894964168297e-02 5.914350052109607070e-01 9.726000000000000201e-01 8.508000000000000007e-01
8.777889408486586054e-02 6.065342860560850591e-01 9.675000000000000266e-01 8.539999999999999813e-01
1.126396706947289661e-01 6.568021744643607329e-01 9.574000000000000288e-01 8.419999999999999707e-01
1.012103972251909151e-01 6.396058822522939780e-01 9.616000000000000103e-01 8.434000000000000385e-01
5.385017059929035621e-02 5.695456348262503132e-01 9.828000000000000069e-01 8.578000000000000069e-01
9.267119233433654402e-02 6.344440815464429395e-01 9.650999999999999579e-01 8.427999999999999936e-01
5.942742735477637289e-02 5.792464458717587750e-01 9.800999999999999712e-01 8.574000000000000510e-01
8.607358114384085213e-02 6.080593457736475083e-01 9.691999999999999504e-01 8.449999999999999734e-01
6.980113636686528789e-02 5.666029236452834184e-01 9.757000000000000117e-01 8.546000000000000263e-01
5.521237020793906547e-02 5.528010089284282058e-01 9.850999999999999757e-01 8.551999999999999602e-01
1.609686469420523736e-01 6.226999193070863470e-01 9.384000000000000119e-01 8.349999999999999645e-01
6.098321315248012714e-02 6.161041712924337777e-01 9.768999999999999906e-01 8.548000000000000043e-01
7.253488638912881925e-02 5.734000719654628320e-01 9.747000000000000108e-01 8.494000000000000439e-01
7.395057444423662474e-02 6.361757326974504245e-01 9.726000000000000201e-01 8.499999999999999778e-01
7.216167409695747881e-02 5.649223114193808737e-01 9.766000000000000236e-01 8.648000000000000131e-01
6.246743724010907217e-02 5.698985591712079080e-01 9.792999999999999483e-01 8.554000000000000492e-01
8.140781731044159641e-02 6.062044719133695692e-01 9.719999999999999751e-01 8.477999999999999980e-01
9.520663785418473357e-02 6.843719138335608854e-01 9.648999999999999799e-01 8.431999999999999496e-01
9.277978213856875878e-02 6.770179651333417814e-01 9.645000000000000240e-01 8.451999999999999513e-01
1.056791950053544010e-01 6.417287191302372129e-01 9.622000000000000552e-01 8.467999999999999972e-01
6.902479796230868991e-02 6.042472206305223859e-01 9.737999999999999989e-01 8.544000000000000483e-01
1.196779817334005236e-01 6.381565740845510648e-01 9.537999999999999812e-01 8.387999999999999901e-01
6.613509040094107949e-02 6.320622758067544478e-01 9.768000000000000016e-01 8.491999999999999549e-01
5.314277092768814048e-02 5.627360425083789419e-01 9.824000000000000510e-01 8.611999999999999655e-01
1.032041449995721033e-01 6.347901152890886856e-01 9.603000000000000425e-01 8.461999999999999522e-01
4.305996567680043380e-02 6.001098386926650985e-01 9.876000000000000334e-01 8.576000000000000290e-01
6.820613956862017768e-02 6.064475763766091765e-01 9.780999999999999694e-01 8.548000000000000043e-01
9.817610512680427504e-02 6.433083699026593827e-01 9.640999999999999570e-01 8.429999999999999716e-01
8.347815817149638329e-02 6.261273188310265692e-01 9.670999999999999597e-01 8.524000000000000465e-01
6.223032132518297593e-02 5.686580165721890623e-01 9.796000000000000263e-01 8.596000000000000307e-01
6.694939340936041650e-02 5.753277465585074912e-01 9.779999999999999805e-01 8.506000000000000227e-01
8.593300584966082067e-02 6.012130590122410911e-01 9.697999999999999954e-01 8.504000000000000448e-01
8.055153890268371142e-02 6.017696249484176807e-01 9.689999999999999725e-01 8.546000000000000263e-01
6.232790717196436125e-02 5.662336949383518503e-01 9.806000000000000272e-01 8.558000000000000052e-01
5.535592928691229764e-02 5.712078128200348548e-01 9.810999999999999721e-01 8.604000000000000536e-01
9.057679775837565450e-02 5.968414567822640793e-01 9.667999999999999927e-01 8.496000000000000218e-01
8.431346278774046188e-02 6.405143931273193925e-01 9.714000000000000412e-01 8.506000000000000227e-01
7.118407303289334132e-02 6.184269677502014506e-01 9.737000000000000099e-01 8.471999999999999531e-01
8.632049229518370947e-02 5.998184992097725932e-01 9.684000000000000385e-01 8.504000000000000448e-01
7.960326597899088086e-02 5.785570433920336209e-01 9.719999999999999751e-01 8.476000000000000201e-01
1.107838339137450084e-01 6.662127259836517768e-01 9.604000000000000314e-01 8.461999999999999522e-01
7.718349673787129606e-02 5.941630353345003224e-01 9.734000000000000430e-01 8.559999999999999831e-01
1.078157524196527717e-01 6.903366051013272164e-01 9.618999999999999773e-01 8.397999999999999909e-01
9.114706569429603666e-02 6.117245930364099138e-01 9.677000000000000046e-01 8.456000000000000183e-01
5.098657798093882143e-02 5.593291022393234169e-01 9.862999999999999545e-01 8.561999999999999611e-01
8.285689498654326413e-02 6.342923475962884972e-01 9.688999999999999835e-01 8.481999999999999540e-01
5.637423443874247514e-02 5.576133728295864511e-01 9.814000000000000501e-01 8.606000000000000316e-01
6.116823906065293331e-02 5.428045741204976515e-01 9.812999999999999501e-01 8.589999999999999858e-01
5.058195954702464359e-02 5.883212242110037460e-01 9.826000000000000290e-01 8.599999999999999867e-01
5.827910107903610387e-02 5.930443649603465150e-01 9.806000000000000272e-01 8.569999999999999840e-01
5.236793825095910349e-02 5.835941529960777530e-01 9.831999999999999629e-01 8.589999999999999858e-01
7.920662398444359986e-02 6.070120746715549354e-01 9.703000000000000513e-01 8.489999999999999769e-01
5.172049656286094310e-02 5.861406281962638909e-01 9.852999999999999536e-01 8.576000000000000290e-01
4.842927506954853439e-02 5.676447826810292474e-01 9.849999999999999867e-01 8.534000000000000474e-01
6.278316890334885436e-02 5.760419181495471941e-01 9.772999999999999465e-01 8.596000000000000307e-01
1.354332467098811055e-01 6.247832665818835451e-01 9.466999999999999860e-01 8.409999999999999698e-01
5.899126979131078669e-02 5.725488938511336112e-01 9.821999999999999620e-01 8.529999999999999805e-01
1.049715001885529048e-01 6.096279589636441898e-01 9.608999999999999764e-01 8.487999999999999989e-01
7.682800402013983954e-02 5.743403718054732598e-01 9.757000000000000117e-01 8.494000000000000439e-01
7.021950149510308714e-02 5.535444776065387984e-01 9.768999999999999906e-01 8.501999999999999558e-01
6.647881609346345533e-02 6.125113753234856517e-01 9.768999999999999906e-01 8.551999999999999602e-01
1.127372457132839872e-01 6.397183155065399029e-01 9.573000000000000398e-01 8.397999999999999909e-01
1.053703841038919758e-01 6.196027718616705648e-01 9.585000000000000187e-01 8.454000000000000403e-01
1.387876238452060151e-01 6.807072992755817120e-01 9.474000000000000199e-01 8.449999999999999734e-01
7.926289704975694739e-02 5.731001364146124377e-01 9.725000000000000311e-01 8.524000000000000465e-01
5.926885006989523336e-02 6.045143818923794932e-01 9.814000000000000501e-01 8.504000000000000448e-01
6.449109243107896405e-02 5.776290368658525409e-01 9.814000000000000501e-01 8.497999999999999998e-01
5.760780196960742922e-02 6.275995773787923504e-01 9.781999999999999584e-01 8.526000000000000245e-01
7.990149029201654152e-02 6.094030581729231733e-01 9.725000000000000311e-01 8.519999999999999796e-01
7.679901697545044037e-02 5.798271093723802450e-01 9.716000000000000192e-01 8.509999999999999787e-01
7.959124764967098753e-02 6.605655208759271257e-01 9.717999999999999972e-01 8.521999999999999575e-01
8.628431948495603188e-02 6.100450975166709089e-01 9.679999999999999716e-01 8.487999999999999989e-01
8.162327855299311707e-02 5.891144945308851577e-01 9.710999999999999632e-01 8.534000000000000474e-01
9.519844283912744232e-02 5.814704519188903520e-01 9.660999999999999588e-01 8.518000000000000016e-01
8.063037001178902097e-02 5.964722030523880170e-01 9.701999999999999513e-01 8.504000000000000448e-01
1.469709444666005838e-01 6.502801099862611789e-01 9.466999999999999860e-01 8.404000000000000359e-01
7.155554563127818068e-02 5.753922192959965987e-01 9.739999999999999769e-01 8.499999999999999778e-01
5.502450113097116791e-02 5.842711119408248166e-01 9.847000000000000197e-01 8.601999999999999647e-01
5.954914030707961908e-02 5.836281693809997062e-01 9.782999999999999474e-01 8.598000000000000087e-01
8.162146084710952820e-02 6.073070585273011579e-01 9.705000000000000293e-01 8.584000000000000519e-01
1.279316823290496397e-01 6.829682029013015576e-01 9.520999999999999464e-01 8.386000000000000121e-01
5.163718443739128555e-02 5.571418235215125359e-01 9.851999999999999647e-01 8.614000000000000545e-01
7.525297878166210819e-02 5.836982323403845374e-01 9.709999999999999742e-01 8.541999999999999593e-01
8.923488782918451157e-02 6.201674861022054008e-01 9.673000000000000487e-01 8.489999999999999769e-01
1.012915808421061825e-01 6.114359836031740825e-01 9.620999999999999552e-01 8.477999999999999980e-01
6.733599377835111643e-02 6.056168183345036482e-01 9.762999999999999456e-01 8.528000000000000025e-01
7.354760375031683950e-02 5.898035024975996077e-01 9.746000000000000218e-01 8.558000000000000052e-01
9.314404997410338782e-02 5.884303324410411484e-01 9.665000000000000258e-01 8.464000000000000412e-01
4.929342478886919454e-02 5.783716076369269654e-01 9.832999999999999519e-01 8.643999999999999462e-01
5.405581861983724951e-02 6.045154177541078866e-01 9.828000000000000069e-01 8.581999999999999629e-01
5.143561821615244556e-02 5.969890078026833802e-01 9.841999999999999638e-01 8.608000000000000096e-01
5.753341854666325916e-02 6.100431212797690073e-01 9.792999999999999483e-01 8.601999999999999647e-01
1.078165666793346605e-01 6.114985323991559696e-01 9.596000000000000085e-01 8.479999999999999760e-01
7.823834902854644169e-02 6.047704044605201057e-01 9.737999999999999989e-01 8.474000000000000421e-01
5.261980023184908289e-02 6.143347233782694428e-01 9.841999999999999638e-01 8.524000000000000465e-01
1.982482223749578998e-01 7.683193785955100275e-01 9.317999999999999616e-01 8.247999999999999776e-01
6.381835285119424883e-02 6.068093741938864749e-01 9.768000000000000016e-01 8.539999999999999813e-01
4.955653747693683497e-02 5.574676932131350515e-01 9.830999999999999739e-01 8.609999999999999876e-01
5.036763281394830705e-02 5.785734556478533408e-01 9.850999999999999757e-01 8.574000000000000510e-01
5.723174348653996268e-02 5.860777068329116046e-01 9.812999999999999501e-01 8.621999999999999664e-01
5.205641474474482361e-02 5.831602574595964317e-01 9.828000000000000069e-01 8.601999999999999647e-01
6.809878841713828956e-02 5.729509494395345071e-01 9.760999999999999677e-01 8.511999999999999567e-01
9.205910718762566614e-02 6.058771254168459075e-01 9.649999999999999689e-01 8.424000000000000377e-01
6.687752318211778735e-02 5.977546407101139714e-01 9.772999999999999465e-01 8.519999999999999796e-01
5.406805446922081926e-02 5.987428420706881749e-01 9.825000000000000400e-01 8.566000000000000281e-01
6.860103325215730075e-02 6.386845134709231431e-01 9.768000000000000016e-01 8.516000000000000236e-01
