1.948762085321271931e+00 1.951936936287688162e+00 4.096000000000000196e-01 3.993999999999999773e-01
7.688282952288838512e-01 7.911251366829123999e-01 7.069999999999999618e-01 7.007999999999999785e-01
7.009894901320438132e-01 7.419549598090636744e-01 7.435000000000000497e-01 7.231999999999999540e-01
5.473638847983471889e-01 5.951028960484404662e-01 8.071000000000000396e-01 7.883999999999999897e-01
5.388137568498561070e-01 5.839181079297678378e-01 8.041000000000000369e-01 7.920000000000000373e-01
4.676993305580539606e-01 5.290926156480866283e-01 8.352000000000000535e-01 8.100000000000000533e-01
4.334342988139427422e-01 5.024864599148096689e-01 8.433000000000000496e-01 8.165999999999999925e-01
4.069243143791947404e-01 4.880905050308669280e-01 8.536000000000000254e-01 8.242000000000000437e-01
4.390778629081993345e-01 5.272709364285650402e-01 8.407999999999999918e-01 8.125999999999999890e-01
4.004570236292751551e-01 4.953717073175121222e-01 8.608000000000000096e-01 8.229999999999999538e-01
3.890048052289272196e-01 4.889890276380314260e-01 8.591999999999999638e-01 8.289999999999999591e-01
3.644768928650110040e-01 4.696991846989072017e-01 8.665000000000000480e-01 8.309999999999999609e-01
3.775048787993321997e-01 4.882433036311555896e-01 8.590999999999999748e-01 8.244000000000000217e-01
3.410676515526461783e-01 4.679606691982818867e-01 8.772999999999999687e-01 8.322000000000000508e-01
3.237149934737741375e-01 4.494727408131746205e-01 8.857000000000000428e-01 8.389999999999999680e-01
3.179295099235668332e-01 4.433101604424763420e-01 8.850000000000000089e-01 8.417999999999999927e-01
3.388400049283907811e-01 4.727475714370079074e-01 8.750999999999999890e-01 8.309999999999999609e-01
3.225647129972263327e-01 4.694819203505554706e-01 8.828000000000000291e-01 8.369999999999999662e-01
3.519288527967135427e-01 4.766253442858711664e-01 8.677000000000000268e-01 8.282000000000000473e-01
3.429912495812025286e-01 5.035862814384854946e-01 8.696000000000000396e-01 8.215999999999999970e-01
3.093705937893551083e-01 4.639735395787802363e-01 8.832999999999999741e-01 8.386000000000000121e-01
3.367578777921958477e-01 4.968958125040785490e-01 8.741999999999999771e-01 8.346000000000000085e-01
2.918536520380330956e-01 4.478157346963282937e-01 8.913999999999999702e-01 8.386000000000000121e-01
2.958272961717049454e-01 4.682559024960110117e-01 8.928000000000000380e-01 8.417999999999999927e-01
3.091101436324380503e-01 4.786654408556416662e-01 8.859000000000000208e-01 8.274000000000000243e-01
3.116968315121840805e-01 4.964941104861600452e-01 8.831999999999999851e-01 8.314000000000000279e-01
2.698692129861481326e-01 4.524288612364953388e-01 9.012999999999999901e-01 8.381999999999999451e-01
2.529177917637567830e-01 4.508980661133468182e-01 9.096999999999999531e-01 8.464000000000000412e-01
2.724780076263067508e-01 4.602333095933369145e-01 8.980000000000000204e-01 8.312000000000000499e-01
2.558069392854008806e-01 4.532776532473639097e-01 9.090000000000000302e-01 8.497999999999999998e-01
2.700556557037184779e-01 4.786682643689484373e-01 8.950000000000000178e-01 8.409999999999999698e-01
2.519553758284324152e-01 4.690831818445173607e-01 9.099000000000000421e-01 8.401999999999999469e-01
3.387750322051590324e-01 5.050927420451968297e-01 8.534000000000000474e-01 8.007999999999999563e-01
2.216965026806696215e-01 4.437924055122128286e-01 9.196999999999999620e-01 8.524000000000000465e-01
2.908655875664801216e-01 4.995920147358841046e-01 8.923999999999999710e-01 8.277999999999999803e-01
2.290279209165652086e-01 4.448194256526173396e-01 9.152000000000000135e-01 8.449999999999999734e-01
2.289530115273639144e-01 4.753140806878067282e-01 9.153999999999999915e-01 8.461999999999999522e-01
2.861360095839866058e-01 5.090448797783727608e-01 8.933999999999999719e-01 8.256000000000000005e-01
2.331518540840741560e-01 4.796340474909300822e-01 9.130000000000000338e-01 8.397999999999999909e-01
2.576266519041279235e-01 5.108157892593669924e-01 8.987000000000000544e-01 8.329999999999999627e-01
2.217197283847713030e-01 4.671429008847277076e-01 9.160000000000000364e-01 8.471999999999999531e-01
1.940436223049684938e-01 4.426408530065472635e-01 9.296999999999999709e-01 8.499999999999999778e-01
2.166251431183553455e-01 4.815492588757608883e-01 9.183999999999999941e-01 8.444000000000000394e-01
2.278399142573636627e-01 4.702231103289678527e-01 9.172000000000000153e-01 8.409999999999999698e-01
2.128805618931904620e-01 4.822327728126672985e-01 9.202000000000000179e-01 8.489999999999999769e-01
2.139350699817425261e-01 4.738384201644534333e-01 9.205999999999999739e-01 8.421999999999999487e-01
2.367173004425383032e-01 5.088432017716497668e-01 9.112999999999999989e-01 8.312000000000000499e-01
1.997899784780254318e-01 4.635474192129311888e-01 9.227999999999999536e-01 8.457999999999999963e-01
2.048359512768704593e-01 4.676452766221745327e-01 9.221000000000000307e-01 8.429999999999999716e-01
1.909489100241367754e-01 4.895757785748536817e-01 9.276999999999999691e-01 8.446000000000000174e-01
2.020508381269729148e-01 4.932682818393381297e-01 9.256999999999999673e-01 8.396000000000000130e-01
1.975464819789790882e-01 4.921415373640087854e-01 9.298999999999999488e-01 8.429999999999999716e-01
2.134481174355642996e-01 5.084411260796996013e-01 9.207999999999999519e-01 8.439999999999999725e-01
1.716851395748671127e-01 4.636793801408101157e-01 9.395000000000000018e-01 8.524000000000000465e-01
1.950203597018190516e-01 4.864712487212344838e-01 9.274000000000000021e-01 8.409999999999999698e-01
2.069678013026870766e-01 5.167827862609689626e-01 9.231000000000000316e-01 8.429999999999999716e-01
1.779762663785424970e-01 4.521337494084267106e-01 9.356999999999999762e-01 8.509999999999999787e-01
2.002688255094789982e-01 5.086075496666185858e-01 9.260000000000000453e-01 8.394000000000000350e-01
2.117595154343424046e-01 5.180410906187975506e-01 9.266999999999999682e-01 8.441999999999999504e-01
2.009219099821607513e-01 4.967411302892503766e-01 9.253000000000000114e-01 8.426000000000000156e-01
1.808107809452454695e-01 5.040244420180085561e-01 9.354000000000000092e-01 8.379999999999999671e-01
1.798314622202414614e-01 5.164200042626790887e-01 9.326999999999999735e-01 8.454000000000000403e-01
1.629439899912973888e-01 4.735032197686132593e-01 9.388999999999999568e-01 8.511999999999999567e-01
1.745592674539484523e-01 4.979711480143042546e-01 9.342000000000000304e-01 8.437999999999999945e-01
1.667758168080780701e-01 4.913412156025802613e-01 9.422000000000000375e-01 8.508000000000000007e-01
1.545258739926541613e-01 4.813747022143988752e-01 9.437999999999999723e-01 8.551999999999999602e-01
1.539768060649666925e-01 4.951087195013637032e-01 9.447999999999999732e-01 8.534000000000000474e-01
1.576677145561923565e-01 5.165582191294016967e-01 9.398999999999999577e-01 8.451999999999999513e-01
1.641244880124402561e-01 5.297665468176864234e-01 9.379999999999999449e-01 8.431999999999999496e-01
1.805209554037848774e-01 5.429891779265377805e-01 9.315999999999999837e-01 8.446000000000000174e-01
1.607260690400272862e-01 4.967327782505950307e-01 9.427999999999999714e-01 8.419999999999999707e-01
1.585807363572736828e-01 4.901435932415004748e-01 9.447999999999999732e-01 8.419999999999999707e-01
1.727098764045184587e-01 5.370000342633971524e-01 9.374000000000000110e-01 8.384000000000000341e-01
2.669235375039821778e-01 6.134468298244284412e-01 8.901000000000000023e-01 8.082000000000000295e-01
1.516857700566250078e-01 5.318392466765612392e-01 9.464000000000000190e-01 8.409999999999999698e-01
1.376756761227224957e-01 5.201643563695779182e-01 9.510999999999999455e-01 8.494000000000000439e-01
1.764285678721475847e-01 5.437565462430273833e-01 9.354000000000000092e-01 8.424000000000000377e-01
1.326252208822435164e-01 4.938382965991703899e-01 9.530999999999999472e-01 8.484000000000000430e-01
1.617172103667179617e-01 5.220640814118718831e-01 9.395000000000000018e-01 8.411999999999999478e-01
1.531121609127603089e-01 5.094129511286762391e-01 9.445999999999999952e-01 8.456000000000000183e-01
1.526477246793015996e-01 4.972758772426265073e-01 9.454000000000000181e-01 8.491999999999999549e-01
1.506129158576037796e-01 5.380562035920395392e-01 9.448999999999999622e-01 8.466000000000000192e-01
1.990995693539638067e-01 5.560480341909931346e-01 9.229000000000000536e-01 8.284000000000000252e-01
3.118988196105380029e-01 7.422519508231875118e-01 8.922999999999999821e-01 8.132000000000000339e-01
1.467917500018293131e-01 5.179298514164076828e-01 9.459999999999999520e-01 8.471999999999999531e-01
1.464349284732473222e-01 4.893244272451263699e-01 9.477999999999999758e-01 8.464000000000000412e-01
1.493909904467408956e-01 5.135753824357116581e-01 9.455999999999999961e-01 8.476000000000000201e-01
1.583812350428323024e-01 5.456873889652998910e-01 9.405000000000000027e-01 8.447999999999999954e-01
1.467552758081242803e-01 5.308080352315662775e-01 9.447999999999999732e-01 8.424000000000000377e-01
1.844284216517780017e-01 5.756934039044711016e-01 9.307999999999999607e-01 8.439999999999999725e-01
1.438614488810507075e-01 5.501466922426543338e-01 9.491000000000000547e-01 8.459999999999999742e-01
1.186606915711884147e-01 5.026033311892108557e-01 9.592000000000000526e-01 8.558000000000000052e-01
1.516217648379113991e-01 5.301274374843464310e-01 9.465000000000000080e-01 8.399999999999999689e-01
1.336284368302503300e-01 5.217810853271623861e-01 9.537999999999999812e-01 8.489999999999999769e-01
1.430474364408632348e-01 5.061743722232963094e-01 9.486999999999999877e-01 8.494000000000000439e-01
1.346247636486226362e-01 5.350472535718631129e-01 9.503000000000000336e-01 8.509999999999999787e-01
1.127611463209163695e-01 5.136607911376770419e-01 9.633000000000000451e-01 8.554000000000000492e-01
1.340843259784430808e-01 5.467428964786126278e-01 9.518999999999999684e-01 8.494000000000000439e-01
1.938031577921047188e-01 5.542624452512118216e-01 9.255999999999999783e-01 8.245999999999999996e-01
1.192418778357823145e-01 5.463471844056387861e-01 9.557999999999999829e-01 8.484000000000000430e-01
1.340708533479602893e-01 5.826610163645187246e-01 9.535000000000000142e-01 8.476000000000000201e-01
1.394060446956351951e-01 5.827959320091904427e-01 9.478999999999999648e-01 8.461999999999999522e-01
1.621969672956713460e-01 5.759931701265255111e-01 9.386999999999999789e-01 8.396000000000000130e-01
1.426246366674531474e-01 5.556295399966819648e-01 9.465000000000000080e-01 8.434000000000000385e-01
1.330727424292788286e-01 5.683368511409309098e-01 9.492000000000000437e-01 8.504000000000000448e-01
1.411746614306088332e-01 5.694487887840332663e-01 9.483000000000000318e-01 8.439999999999999725e-01
9.537506931196519655e-02 5.482238575474206455e-01 9.699999999999999734e-01 8.479999999999999760e-01
1.508467640207890870e-01 5.814693800347648933e-01 9.459999999999999520e-01 8.379999999999999671e-01
1.260084878725338531e-01 5.299858001248093364e-01 9.565000000000000169e-01 8.437999999999999945e-01
1.577081670749091169e-01 5.836445985440564810e-01 9.386999999999999789e-01 8.426000000000000156e-01
1.157029172998888522e-01 5.579846590947594720e-01 9.583000000000000407e-01 8.481999999999999540e-01
1.286073793554311506e-01 5.492050057807986718e-01 9.524000000000000243e-01 8.421999999999999487e-01
1.174081318078033787e-01 5.313109920875087600e-01 9.584000000000000297e-01 8.486000000000000210e-01
1.144525889163413856e-01 5.478736954718611551e-01 9.585000000000000187e-01 8.511999999999999567e-01
1.244449646482845701e-01 5.593289306313390385e-01 9.523000000000000353e-01 8.487999999999999989e-01
9.883911470317872927e-02 5.307690211023061710e-01 9.674000000000000377e-01 8.528000000000000025e-01
1.872839035490513893e-01 6.300969453372541329e-01 9.271000000000000352e-01 8.245999999999999996e-01
1.255844407309509025e-01 5.223253661307797335e-01 9.548999999999999710e-01 8.441999999999999504e-01
1.392553095034812782e-01 5.800384230737684055e-01 9.515000000000000124e-01 8.417999999999999927e-01
1.146288853818645537e-01 5.650633700251189717e-01 9.594000000000000306e-01 8.509999999999999787e-01
1.309966494349767696e-01 5.522316939173226302e-01 9.542000000000000481e-01 8.506000000000000227e-01
9.878403760162218772e-02 5.354172970618744642e-01 9.704000000000000403e-01 8.521999999999999575e-01
1.365672310267532219e-01 5.679183549005724085e-01 9.506000000000000005e-01 8.424000000000000377e-01
1.078890976952639191e-01 5.331269088385642840e-01 9.620999999999999552e-01 8.486000000000000210e-01
1.630571316065660969e-01 5.983760928102801468e-01 9.367999999999999661e-01 8.302000000000000490e-01
9.479596820072866414e-02 5.421359852301564919e-01 9.657999999999999918e-01 8.539999999999999813e-01
1.172399748585152279e-01 5.806029075130327843e-01 9.577999999999999847e-01 8.406000000000000139e-01
1.674151356182471961e-01 5.932045538243029270e-01 9.379999999999999449e-01 8.389999999999999680e-01
1.079944890626239190e-01 5.714012434586955846e-01 9.605000000000000204e-01 8.464000000000000412e-01
1.992450079050828160e-01 6.266422987724157290e-01 9.264000000000000012e-01 8.376000000000000112e-01
1.182988093013625785e-01 5.459835354225865967e-01 9.535000000000000142e-01 8.534000000000000474e-01
1.415273598358114115e-01 5.717747011316574035e-01 9.482000000000000428e-01 8.437999999999999945e-01
1.697473180596992537e-01 5.972972289037248306e-01 9.354999999999999982e-01 8.374000000000000332e-01
1.553346959073116096e-01 5.790974422607959582e-01 9.416999999999999815e-01 8.354000000000000314e-01
1.062606463703218151e-01 5.542847862989523922e-01 9.620999999999999552e-01 8.446000000000000174e-01
1.318308634364104004e-01 6.060883605322600065e-01 9.510999999999999455e-01 8.424000000000000377e-01
1.190159401378722281e-01 5.589482321348080429e-01 9.564000000000000279e-01 8.531999999999999584e-01
8.813670650370691861e-02 5.429358589159584136e-01 9.738999999999999879e-01 8.499999999999999778e-01
1.584708948617674085e-01 5.569412018305235357e-01 9.375999999999999890e-01 8.366000000000000103e-01
1.088058158753795607e-01 5.525194803778835650e-01 9.613000000000000433e-01 8.534000000000000474e-01
1.740449381095064141e-01 6.416491884764717879e-01 9.360000000000000542e-01 8.376000000000000112e-01
1.119243701901368737e-01 5.504403746658093066e-01 9.608999999999999764e-01 8.407999999999999918e-01
9.796144650374710716e-02 5.365666801775204053e-01 9.668999999999999817e-01 8.497999999999999998e-01
1.260067381953616505e-01 5.745124164579340498e-01 9.517999999999999794e-01 8.366000000000000103e-01
9.031288641144610829e-02 5.592124679903719420e-01 9.684000000000000385e-01 8.471999999999999531e-01
8.444343424914178831e-02 5.219420717721744429e-01 9.760999999999999677e-01 8.548000000000000043e-01
1.756488039208492502e-01 5.853029360435270112e-01 9.291000000000000369e-01 8.224000000000000199e-01
2.062999809922968775e-01 6.442682118927576251e-01 9.231000000000000316e-01 8.312000000000000499e-01
9.015058739814839350e-02 5.461277407453898336e-01 9.697000000000000064e-01 8.534000000000000474e-01
1.125705433564774677e-01 5.490358151909163764e-01 9.598999999999999755e-01 8.489999999999999769e-01
1.240768660075570740e-01 5.939617894077823257e-01 9.548999999999999710e-01 8.421999999999999487e-01
1.199977126461883176e-01 5.766389025063544116e-01 9.546000000000000041e-01 8.427999999999999936e-01
1.031062834035427339e-01 5.555519501835849416e-01 9.643000000000000460e-01 8.454000000000000403e-01
1.111691085280441665e-01 5.855985907995000517e-01 9.593000000000000416e-01 8.476000000000000201e-01
1.373931995261242489e-01 5.412870033105738887e-01 9.516000000000000014e-01 8.411999999999999478e-01
1.000987504322471133e-01 5.541609608201096826e-01 9.641999999999999460e-01 8.486000000000000210e-01
8.924685622441032307e-02 5.408640510905575738e-01 9.696000000000000174e-01 8.574000000000000510e-01
1.229812090964940985e-01 5.465586322338955583e-01 9.535000000000000142e-01 8.434000000000000385e-01
9.997307008051715960e-02 5.392014473024890897e-01 9.676000000000000156e-01 8.539999999999999813e-01
9.100425122935378031e-02 5.502787970979768906e-01 9.697000000000000064e-01 8.486000000000000210e-01
1.129250680058334622e-01 5.448963788474465719e-01 9.574000000000000288e-01 8.511999999999999567e-01
8.301916754643046126e-02 5.581922295576347004e-01 9.711999999999999522e-01 8.538000000000000034e-01
1.155213580981947624e-01 5.603426262771223909e-01 9.596000000000000085e-01 8.424000000000000377e-01
8.136255880556356179e-02 5.595625513034677700e-01 9.713000000000000522e-01 8.556000000000000272e-01
1.536842605412145901e-01 6.225067415705128893e-01 9.385000000000000009e-01 8.297999999999999821e-01
1.449194772552547528e-01 6.026414783510091189e-01 9.469999999999999529e-01 8.414000000000000368e-01
9.626073451379543733e-02 5.386354684028866746e-01 9.657000000000000028e-01 8.454000000000000403e-01
9.861911088845085049e-02 5.545695429744257332e-01 9.637000000000000011e-01 8.509999999999999787e-01
8.817264466633661923e-02 5.922925840244509521e-01 9.695000000000000284e-01 8.519999999999999796e-01
8.222263902216106479e-02 5.652172437727371879e-01 9.727000000000000091e-01 8.474000000000000421e-01
9.289850305680469322e-02 5.825788265028667423e-01 9.699999999999999734e-01 8.504000000000000448e-01
1.169312433643121540e-01 5.472228234686710158e-01 9.563000000000000389e-01 8.487999999999999989e-01
1.050795715965931743e-01 5.575950751043600162e-01 9.644000000000000350e-01 8.437999999999999945e-01
1.551881706611477063e-01 6.053483085349186110e-01 9.392000000000000348e-01 8.339999999999999636e-01
1.085293475494171211e-01 5.483154255227530305e-01 9.616000000000000103e-01 8.539999999999999813e-01
9.148212611684482243e-02 5.267206877394264852e-01 9.695000000000000284e-01 8.521999999999999575e-01
1.274424170884902729e-01 6.017315379337753178e-01 9.494000000000000217e-01 8.299999999999999600e-01
7.722461496331228803e-02 5.250595709572286607e-01 9.751999999999999558e-01 8.491999999999999549e-01
8.544436816345496455e-02 5.176370207622927877e-01 9.727000000000000091e-01 8.518000000000000016e-01
1.172649485956128446e-01 5.513344117886350704e-01 9.556999999999999940e-01 8.362000000000000544e-01
1.111397734035803747e-01 5.819040230231479205e-01 9.599999999999999645e-01 8.479999999999999760e-01
1.091416270244844056e-01 5.232681249583129857e-01 9.623000000000000442e-01 8.497999999999999998e-01
9.826429508287444492e-02 5.717973874593541561e-01 9.645000000000000240e-01 8.447999999999999954e-01
9.318444952622842448e-02 5.713495787226033906e-01 9.673000000000000487e-01 8.421999999999999487e-01
9.260618162230396799e-02 5.506241984055016969e-01 9.675000000000000266e-01 8.516000000000000236e-01
1.252627057037290770e-01 5.766491002660841803e-01 9.532000000000000473e-01 8.356000000000000094e-01
7.026927196289979582e-02 5.728829192191544628e-01 9.765000000000000346e-01 8.536000000000000254e-01
1.130789835405580784e-01 5.881101704829851951e-01 9.623000000000000442e-01 8.466000000000000192e-01
1.896264189304540104e-01 6.906996636553862645e-01 9.264000000000000012e-01 8.232000000000000428e-01
1.077783398211885069e-01 5.858769885487772333e-01 9.590999999999999526e-01 8.511999999999999567e-01
1.306890689153276941e-01 5.622048085047608446e-01 9.498999999999999666e-01 8.407999999999999918e-01
9.849577902827587328e-02 5.919573050222889377e-01 9.658999999999999808e-01 8.429999999999999716e-01
1.076605183287824979e-01 5.809290384265922702e-01 9.620999999999999552e-01 8.486000000000000210e-01
1.254950280237643323e-01 5.897506277950077536e-01 9.542000000000000481e-01 8.427999999999999936e-01
1.548736392630086778e-01 6.237265118210281178e-01 9.350000000000000533e-01 8.224000000000000199e-01
8.965495221097546930e-02 5.544397538000211956e-01 9.713000000000000522e-01 8.496000000000000218e-01
7.295893426783052471e-02 5.585782540276540420e-01 9.767000000000000126e-01 8.524000000000000465e-01
9.755898158784252761e-02 5.930975743106482456e-01 9.646000000000000130e-01 8.506000000000000227e-01
1.063507777125846654e-01 5.596525729367218815e-01 9.635000000000000231e-01 8.499999999999999778e-01
1.027069453058149090e-01 6.093566294890669921e-01 9.633000000000000451e-01 8.414000000000000368e-01
1.441791638034859713e-01 6.577142558971464936e-01 9.503000000000000336e-01 8.466000000000000192e-01
8.503595087942676656e-02 6.008518356060313925e-01 9.723000000000000531e-01 8.481999999999999540e-01
9.546176979885222236e-02 5.845951510589066924e-01 9.670999999999999597e-01 8.461999999999999522e-01
1.189292541837214390e-01 6.243016633027543838e-01 9.523000000000000353e-01 8.444000000000000394e-01
1.342025759704231769e-01 6.356704479465437041e-01 9.475999999999999979e-01 8.349999999999999645e-01
9.001594431488423032e-02 6.074403649211687073e-01 9.694000000000000394e-01 8.451999999999999513e-01
7.818919915074026838e-02 5.943019782039565824e-01 9.741999999999999549e-01 8.504000000000000448e-01
8.433038561768071983e-02 5.582151694389816399e-01 9.727999999999999980e-01 8.536000000000000254e-01
1.139086300159789789e-01 6.466660571690592274e-01 9.566000000000000059e-01 8.389999999999999680e-01
9.765378428860556348e-02 5.744825382305100980e-01 9.679999999999999716e-01 8.454000000000000403e-01
1.006781583020962961e-01 6.194588879941571591e-01 9.627999999999999892e-01 8.414000000000000368e-01
1.469765497972929380e-01 5.835279724096672505e-01 9.405000000000000027e-01 8.339999999999999636e-01
9.665744942775322812e-02 6.033506499128891143e-01 9.660999999999999588e-01 8.349999999999999645e-01
9.629816183508599359e-02 5.640964840351508913e-01 9.634000000000000341e-01 8.521999999999999575e-01
9.723580438927074965e-02 6.355541716540535901e-01 9.639999999999999680e-01 8.456000000000000183e-01
1.093573357657629253e-01 6.206419804022170750e-01 9.607999999999999874e-01 8.429999999999999716e-01
7.044626444549897948e-02 5.551919874077438921e-01 9.782999999999999474e-01 8.526000000000000245e-01
1.946294620349068305e-01 6.651762844070610026e-01 9.264000000000000012e-01 8.232000000000000428e-01
1.443141395378955139e-01 6.350480050032979440e-01 9.452000000000000401e-01 8.399999999999999689e-01
1.169620956313396631e-01 6.157159870839375992e-01 9.558999999999999719e-01 8.471999999999999531e-01
1.711584975330388281e-01 6.344042086359571453e-01 9.362000000000000322e-01 8.289999999999999591e-01
1.274995758570975912e-01 5.743863276017900921e-01 9.523000000000000353e-01 8.386000000000000121e-01
1.046965090390978986e-01 5.630978065531458965e-01 9.609999999999999654e-01 8.437999999999999945e-01
9.286110839033764885e-02 6.100530752923893907e-01 9.667000000000000037e-01 8.494000000000000439e-01
5.110683278674892083e-02 5.580230653285890297e-01 9.848999999999999977e-01 8.579999999999999849e-01
8.301145737034240635e-02 5.929932474046417656e-01 9.708999999999999853e-01 8.544000000000000483e-01
8.666877401973969997e-02 5.888740121001425631e-01 9.687999999999999945e-01 8.508000000000000007e-01
1.148742148149783648e-01 6.369914148424202782e-01 9.558999999999999719e-01 8.441999999999999504e-01
9.475388483754693114e-02 6.357493134814832247e-01 9.649999999999999689e-01 8.518000000000000016e-01
1.038882593998322196e-01 5.681642891382870930e-01 9.639999999999999680e-01 8.416000000000000147e-01
9.297144651941761928e-02 6.378169957245510835e-01 9.671999999999999487e-01 8.451999999999999513e-01
1.327398967191490420e-01 6.212455335046762617e-01 9.526000000000000023e-01 8.399999999999999689e-01
1.285170444783156063e-01 6.010700560327091324e-01 9.486999999999999877e-01 8.377999999999999892e-01
9.468740156675203856e-02 5.574317427856825269e-01 9.698999999999999844e-01 8.477999999999999980e-01
9.713910706619399704e-02 5.819889933293211914e-01 9.655000000000000249e-01 8.434000000000000385e-01
1.337947619928094301e-01 6.114136617814756036e-01 9.536000000000000032e-01 8.411999999999999478e-01
9.944847278947592517e-02 5.840676842917533751e-01 9.633000000000000451e-01 8.469999999999999751e-01
8.922592865849841848e-02 5.562454681498929521e-01 9.690999999999999615e-01 8.548000000000000043e-01
6.990054609864372603e-02 5.686939603922486208e-01 9.787000000000000144e-01 8.561999999999999611e-01
8.337694092566312609e-02 5.514813075935925957e-01 9.714000000000000412e-01 8.528000000000000025e-01
6.534348299459283305e-02 5.486060296086758825e-01 9.786000000000000254e-01 8.549999999999999822e-01
6.752738195471089111e-02 5.926791957986926596e-01 9.776000000000000245e-01 8.584000000000000519e-01
9.823391879244400271e-02 5.885889083480333461e-01 9.628999999999999782e-01 8.461999999999999522e-01
1.005957923455265274e-01 5.921718013896394295e-01 9.637999999999999901e-01 8.437999999999999945e-01
6.958606971111266914e-02 5.578985237251011808e-01 9.782999999999999474e-01 8.548000000000000043e-01
1.057460196555471549e-01 6.007816023674791284e-01 9.595000000000000195e-01 8.489999999999999769e-01
8.190181832372057935e-02 5.461804467985166278e-01 9.714000000000000412e-01 8.504000000000000448e-01
7.628264088670123899e-02 5.716158524305942068e-01 9.743000000000000549e-01 8.541999999999999593e-01
9.775848338983009200e-02 5.875430227527683735e-01 9.635000000000000231e-01 8.497999999999999998e-01
9.280787303180597358e-02 6.651298162639753819e-01 9.683000000000000496e-01 8.446000000000000174e-01
6.712903502371089792e-02 5.787058071149533411e-01 9.797000000000000153e-01 8.541999999999999593e-01
1.253944851912329184e-01 5.976567415650066994e-01 9.514000000000000234e-01 8.424000000000000377e-01
8.464251378972380280e-02 6.289224206059922384e-01 9.690999999999999615e-01 8.451999999999999513e-01
5.719621435055095154e-02 5.464493569398080064e-01 9.831999999999999629e-01 8.604000000000000536e-01
1.329679615319260544e-01 5.904539232058478859e-01 9.525000000000000133e-01 8.421999999999999487e-01
7.064462524425998979e-02 6.004296618903641747e-01 9.788999999999999924e-01 8.464000000000000412e-01
6.867916485608362154e-02 5.511008037990706709e-01 9.771999999999999575e-01 8.569999999999999840e-01
9.922042838014193122e-02 5.679856853314139142e-01 9.647000000000000020e-01 8.417999999999999927e-01
9.249220104454956848e-02 5.562250835939649418e-01 9.671999999999999487e-01 8.521999999999999575e-01
6.257279938837789768e-02 5.832079390795871232e-01 9.809999999999999831e-01 8.474000000000000421e-01
7.564578508421966607e-02 5.798521317129560204e-01 9.735000000000000320e-01 8.451999999999999513e-01
7.842143343106537656e-02 5.976995762170088655e-01 9.734000000000000430e-01 8.548000000000000043e-01
9.059407880887936082e-02 5.610208867555814827e-01 9.694000000000000394e-01 8.499999999999999778e-01
8.551575453721224629e-02 5.524459447697062098e-01 9.717999999999999972e-01 8.511999999999999567e-01
6.619851535221001060e-02 5.839740319293690307e-01 9.767000000000000126e-01 8.436000000000000165e-01
1.026926563113394891e-01 5.961945917265897288e-01 9.599999999999999645e-01 8.414000000000000368e-01
6.478470198768208899e-02 5.553837289348432238e-01 9.771999999999999575e-01 8.566000000000000281e-01
7.620098159558549855e-02 5.838860528595614108e-01 9.726000000000000201e-01 8.467999999999999972e-01
6.935738927087251038e-02 6.004487966512771502e-01 9.746000000000000218e-01 8.526000000000000245e-01
6.769948544725122586e-02 5.653765560246674093e-01 9.776000000000000245e-01 8.516000000000000236e-01
1.058405515247313605e-01 5.855825457700714054e-01 9.588999999999999746e-01 8.397999999999999909e-01
1.032226074243625114e-01 6.251595088737079697e-01 9.593000000000000416e-01 8.481999999999999540e-01
9.688308676417699272e-02 6.374198987767830671e-01 9.608999999999999764e-01 8.407999999999999918e-01
9.444860573206156906e-02 5.635298591327166928e-01 9.681999999999999496e-01 8.489999999999999769e-01
8.980070429337724813e-02 5.940754269147453526e-01 9.667999999999999927e-01 8.461999999999999522e-01
6.101679138015565773e-02 5.634874623758093781e-01 9.789999999999999813e-01 8.529999999999999805e-01
8.004174580174512610e-02 6.302052540591251972e-01 9.720999999999999641e-01 8.459999999999999742e-01
2.036809128050317552e-01 7.581455800351968310e-01 9.310000000000000497e-01 8.334000000000000297e-01
6.408132890709848650e-02 5.941662301098828980e-01 9.818999999999999950e-01 8.499999999999999778e-01
9.548162476948122979e-02 5.927464733717261458e-01 9.658999999999999808e-01 8.431999999999999496e-01
7.367525706198389812e-02 6.166426833796625484e-01 9.758999999999999897e-01 8.548000000000000043e-01
6.688198269019061948e-02 6.406834259090926631e-01 9.780999999999999694e-01 8.429999999999999716e-01
9.466940511491891974e-02 6.073807124634128529e-01 9.646000000000000130e-01 8.441999999999999504e-01
5.879839063855739345e-02 5.660309211845561128e-01 9.792999999999999483e-01 8.591999999999999638e-01
7.253932784143597712e-02 5.607029762700518338e-01 9.772999999999999465e-01 8.497999999999999998e-01
1.305127489345068725e-01 6.798795585890877735e-01 9.493000000000000327e-01 8.431999999999999496e-01
5.639804525768768451e-02 5.910519158630187508e-01 9.838000000000000078e-01 8.506000000000000227e-01
7.116079932529949248e-02 6.090890116637146523e-01 9.780999999999999694e-01 8.524000000000000465e-01
9.567805664209774741e-02 6.120369406785146627e-01 9.653000000000000469e-01 8.471999999999999531e-01
1.283484566721969367e-01 6.758058738514912678e-01 9.512000000000000455e-01 8.317999999999999838e-01
5.997593192368130821e-02 6.194372229033017208e-01 9.797000000000000153e-01 8.514000000000000457e-01
1.317563483294537374e-01 5.921450414763960168e-01 9.485999999999999988e-01 8.364000000000000323e-01
5.950800991783826432e-02 5.425267679805114707e-01 9.831999999999999629e-01 8.574000000000000510e-01
1.268956432764122289e-01 6.537393308468654185e-01 9.499999999999999556e-01 8.307999999999999829e-01
1.119090568970459859e-01 6.152325055756002747e-01 9.576999999999999957e-01 8.386000000000000121e-01
9.455883249542275382e-02 5.747825632461741607e-01 9.648999999999999799e-01 8.451999999999999513e-01
1.378603923989078495e-01 6.553072362996713585e-01 9.489999999999999547e-01 8.347999999999999865e-01
9.933958386724758838e-02 6.430665091778055009e-01 9.624000000000000332e-01 8.479999999999999760e-01
7.712951915254254165e-02 6.035927162172719518e-01 9.707999999999999963e-01 8.474000000000000421e-01
1.992316018095185992e-01 7.406875669480595947e-01 9.311000000000000387e-01 8.307999999999999829e-01
6.834310544898343498e-02 5.705704704325539334e-01 9.794000000000000483e-01 8.519999999999999796e-01
7.053465838906067265e-02 5.399521161025114813e-01 9.761999999999999567e-01 8.569999999999999840e-01
1.129974254243485965e-01 5.995037806117806678e-01 9.586999999999999966e-01 8.461999999999999522e-01
6.959189739791721285e-02 5.712404853972091745e-01 9.772999999999999465e-01 8.531999999999999584e-01
7.423436271998330727e-02 6.145419284388652370e-01 9.737999999999999989e-01 8.497999999999999998e-01
7.432696945504836672e-02 5.570298326397447042e-01 9.750999999999999668e-01 8.534000000000000474e-01
7.690862199481217354e-02 6.146724378566897906e-01 9.717999999999999972e-01 8.528000000000000025e-01
9.669426666555032412e-02 5.994420896012674360e-01 9.646000000000000130e-01 8.504000000000000448e-01
7.670953206905707644e-02 5.958270086425598855e-01 9.741999999999999549e-01 8.546000000000000263e-01
4.403068559639176233e-02 5.689354087381776059e-01 9.890999999999999792e-01 8.506000000000000227e-01
5.601803629680528196e-02 5.681194025149854943e-01 9.820999999999999730e-01 8.576000000000000290e-01
8.570389681257833958e-02 5.952121370229283004e-01 9.695000000000000284e-01 8.509999999999999787e-01
5.464220724629019477e-02 5.558940997136979645e-01 9.838000000000000078e-01 8.554000000000000492e-01
1.156522361999005460e-01 6.648678606213521691e-01 9.554000000000000270e-01 8.451999999999999513e-01
6.052466813024869052e-02 5.539975463729388538e-01 9.812999999999999501e-01 8.578000000000000069e-01
7.979454660443960345e-02 5.825093559817811073e-01 9.743000000000000549e-01 8.546000000000000263e-01
9.311733650695840081e-02 5.935448823836262378e-01 9.677999999999999936e-01 8.469999999999999751e-01
8.425013656392123240e-02 6.102764180452406872e-01 9.720999999999999641e-01 8.506000000000000227e-01
6.073881809572694718e-02 5.919960050774152327e-01 9.802999999999999492e-01 8.548000000000000043e-01
8.054535242806497297e-02 6.317242425000656469e-01 9.708999999999999853e-01 8.516000000000000236e-01
7.043624303794618347e-02 6.040951003014617404e-01 9.744000000000000439e-01 8.534000000000000474e-01
6.306946299860578808e-02 5.863155864644550297e-01 9.795000000000000373e-01 8.534000000000000474e-01
1.011301911518455721e-01 6.111359387012176292e-01 9.620999999999999552e-01 8.454000000000000403e-01
8.020710868527655690e-02 5.795226272813337465e-01 9.723000000000000531e-01 8.531999999999999584e-01
6.463835114986384023e-02 5.775163820935341752e-01 9.796000000000000263e-01 8.509999999999999787e-01
6.926326484818277895e-02 5.937977631824955527e-01 9.749999999999999778e-01 8.516000000000000236e-01
8.815758529793171761e-02 5.755291214980549075e-01 9.684000000000000385e-01 8.477999999999999980e-01
7.374072152213952125e-02 5.400980783588316125e-01 9.736000000000000210e-01 8.566000000000000281e-01
9.376073484819089088e-02 6.202114937091639524e-01 9.666000000000000147e-01 8.486000000000000210e-01
6.157354039850866656e-02 5.753588160651299521e-01 9.798000000000000043e-01 8.561999999999999611e-01
8.249092407595988441e-02 5.818242795021949521e-01 9.684000000000000385e-01 8.484000000000000430e-01
1.077152881942611135e-01 6.338228936943364200e-01 9.598999999999999755e-01 8.404000000000000359e-01
8.826042016321024308e-02 6.142691998564114852e-01 9.667999999999999927e-01 8.441999999999999504e-01
7.778127660114447783e-02 5.406120248964367825e-01 9.743000000000000549e-01 8.518000000000000016e-01
6.935919747026150772e-02 5.791854395489123286e-01 9.788999999999999924e-01 8.494000000000000439e-01
7.694662918700459486e-02 5.760558820814470904e-01 9.743000000000000549e-01 8.509999999999999787e-01
5.765100729153989356e-02 6.109330584542450593e-01 9.808999999999999941e-01 8.508000000000000007e-01
1.391037390564167364e-01 6.474413132695981954e-01 9.523000000000000353e-01 8.362000000000000544e-01
8.288510578799350437e-02 5.509118282256509902e-01 9.726000000000000201e-01 8.506000000000000227e-01
7.096495215951320601e-02 6.036142653819862591e-01 9.740999999999999659e-01 8.549999999999999822e-01
8.722793824692107179e-02 5.759045242644615925e-01 9.680999999999999606e-01 8.506000000000000227e-01
9.037880572091064324e-02 6.087051884805542157e-01 9.673000000000000487e-01 8.477999999999999980e-01
8.964596144619892126e-02 6.176547869080554198e-01 9.661999999999999478e-01 8.504000000000000448e-01
6.516857051246387200e-02 5.947518665939318661e-01 9.770999999999999686e-01 8.501999999999999558e-01
8.092600984600188674e-02 5.990369334511015387e-01 9.727000000000000091e-01 8.497999999999999998e-01
6.047142942021917211e-02 6.071102269485223468e-01 9.808999999999999941e-01 8.544000000000000483e-01
6.331847875933385716e-02 5.773354086416780939e-01 9.822999999999999510e-01 8.501999999999999558e-01
1.003230724696107384e-01 6.732386577232720715e-01 9.613000000000000433e-01 8.449999999999999734e-01
6.628027424640434151e-02 5.628085241135417638e-01 9.797000000000000153e-01 8.534000000000000474e-01
9.027540170245559881e-02 6.108981258146968241e-01 9.665000000000000258e-01 8.389999999999999680e-01
7.181217358847388765e-02 6.008689998845382352e-01 9.758000000000000007e-01 8.467999999999999972e-01
8.016371144803476068e-02 6.069690153841759139e-01 9.723000000000000531e-01 8.477999999999999980e-01
5.834386624197591270e-02 5.641382806030411645e-01 9.814000000000000501e-01 8.614000000000000545e-01
4.707698721767535760e-02 6.004578772006524678e-01 9.852999999999999536e-01 8.556000000000000272e-01
8.661246913277409476e-02 6.231601077016805101e-01 9.697000000000000064e-01 8.551999999999999602e-01
1.012344226762179611e-01 6.493272641428302627e-01 9.614000000000000323e-01 8.426000000000000156e-01
1.050607688087830671e-01 6.219900012981406379e-01 9.639999999999999680e-01 8.461999999999999522e-01
4.977220181046288633e-02 5.704514927851248585e-01 9.846000000000000307e-01 8.596000000000000307e-01
1.214836209928878419e-01 5.854098887844425558e-01 9.547999999999999821e-01 8.357999999999999874e-01
1.240795905374761088e-01 6.459325705904022108e-01 9.519999999999999574e-01 8.414000000000000368e-01
1.007467100713691638e-01 6.589916236769417512e-01 9.607999999999999874e-01 8.419999999999999707e-01
6.628741889465779302e-02 5.770992296248647069e-01 9.786000000000000254e-01 8.516000000000000236e-01
6.849630612278913289e-02 6.257939948725634860e-01 9.785000000000000364e-01 8.578000000000000069e-01
5.589191029328192950e-02 5.823179406345662112e-01 9.809999999999999831e-01 8.578000000000000069e-01
1.007984830409552612e-01 6.235356973540586711e-01 9.657000000000000028e-01 8.456000000000000183e-01
1.088953775432579263e-01 6.697927787143539424e-01 9.587999999999999856e-01 8.467999999999999972e-01
1.650704631303605840e-01 7.928577187645453606e-01 9.371000000000000441e-01 8.309999999999999609e-01
5.676598860789171253e-02 5.906395907786979871e-01 9.819999999999999840e-01 8.556000000000000272e-01
6.657869901200484664e-02 5.982474428986637172e-01 9.757000000000000117e-01 8.529999999999999805e-01
1.360340178374710718e-01 7.145192827969359950e-01 9.478999999999999648e-01 8.376000000000000112e-01
5.830105087924768864e-02 5.887130095072977687e-01 9.816000000000000281e-01 8.604000000000000536e-01
6.594973471359101558e-02 5.966786215613180122e-01 9.780999999999999694e-01 8.554000000000000492e-01
6.701513591228155931e-02 6.451942050001391316e-01 9.727000000000000091e-01 8.526000000000000245e-01
8.069517834744252549e-02 5.844036399975494067e-01 9.713000000000000522e-01 8.499999999999999778e-01
1.262660274591619058e-01 6.513652947837763607e-01 9.539999999999999591e-01 8.399999999999999689e-01
8.049798867130418534e-02 6.064232969479076418e-01 9.730999999999999650e-01 8.521999999999999575e-01
5.345763797912784360e-02 5.874403892737359856e-01 9.835000000000000409e-01 8.541999999999999593e-01
7.289188104680496827e-02 6.357921088623110784e-01 9.741999999999999549e-01 8.506000000000000227e-01
9.361629895800756274e-02 6.198468033923109077e-01 9.641999999999999460e-01 8.494000000000000439e-01
9.583716884014373272e-02 6.042375735023831629e-01 9.645000000000000240e-01 8.471999999999999531e-01
6.889593388556107534e-02 5.576762884807898724e-01 9.778999999999999915e-01 8.526000000000000245e-01
6.097849681716847881e-02 5.895535942562655229e-01 9.786000000000000254e-01 8.519999999999999796e-01
1.185907210900693093e-01 7.003428258594752709e-01 9.576000000000000068e-01 8.407999999999999918e-01
7.200103255117168422e-02 5.609787161118673371e-01 9.746000000000000218e-01 8.474000000000000421e-01
5.239722686166519566e-02 5.802730556208655077e-01 9.851999999999999647e-01 8.548000000000000043e-01
7.900569093174127089e-02 6.014230359667234183e-01 9.709999999999999742e-01 8.504000000000000448e-01
6.132860187088673420e-02 6.171796911634850336e-01 9.792999999999999483e-01 8.504000000000000448e-01
8.645381549334213434e-02 6.567002007145209541e-01 9.676000000000000156e-01 8.544000000000000483e-01
9.086326991549642518e-02 6.280153783864712569e-01 9.681999999999999496e-01 8.486000000000000210e-01
8.313280931308075772e-02 5.786725449261297394e-01 9.718999999999999861e-01 8.469999999999999751e-01
7.444748647058754831e-02 6.150933221840330090e-01 9.740999999999999659e-01 8.467999999999999972e-01
4.972585089398288277e-02 6.123155343397195249e-01 9.851999999999999647e-01 8.531999999999999584e-01
7.472639778202640193e-02 6.461842999050814162e-01 9.720999999999999641e-01 8.431999999999999496e-01
6.187797398321083497e-02 5.942140943024423194e-01 9.792999999999999483e-01 8.546000000000000263e-01
6.744625765173253851e-02 5.781651036261772347e-01 9.772999999999999465e-01 8.516000000000000236e-01
6.902351703311594699e-02 5.759601181013751514e-01 9.792999999999999483e-01 8.529999999999999805e-01
7.876212917593422569e-02 6.377455233203600526e-01 9.745000000000000329e-01 8.457999999999999963e-01
4.641474954814029524e-02 5.643829021717814420e-01 9.861999999999999655e-01 8.581999999999999629e-01
6.238519434630208915e-02 5.883837345468768687e-01 9.796000000000000263e-01 8.544000000000000483e-01
1.236499667434592525e-01 6.400982832965768088e-01 9.520999999999999464e-01 8.336000000000000076e-01
1.206796283502092615e-01 6.854470910832265451e-01 9.579999999999999627e-01 8.406000000000000139e-01
1.306134988974337885e-01 6.776515314689192104e-01 9.517999999999999794e-01 8.456000000000000183e-01
8.242619739846115956e-02 5.938007332959824858e-01 9.683000000000000496e-01 8.514000000000000457e-01
8.267237575220394430e-02 5.952752735273079132e-01 9.680999999999999606e-01 8.461999999999999522e-01
8.840945486215623372e-02 5.938958226471633406e-01 9.676000000000000156e-01 8.467999999999999972e-01
1.022134115452919684e-01 6.173500352469203367e-01 9.603000000000000425e-01 8.457999999999999963e-01
5.112573829875103476e-02 6.177841470276840274e-01 9.848999999999999977e-01 8.496000000000000218e-01
5.315142215985618757e-02 5.689403967652446603e-01 9.847000000000000197e-01 8.529999999999999805e-01
8.371623250356814705e-02 5.607319830904905489e-01 9.721999999999999531e-01 8.467999999999999972e-01
5.753965395576359637e-02 6.034943090955424694e-01 9.822999999999999510e-01 8.541999999999999593e-01
9.226760413010871853e-02 6.105577769890898621e-01 9.659999999999999698e-01 8.466000000000000192e-01
1.250015918362060441e-01 6.028746743134637542e-01 9.553000000000000380e-01 8.401999999999999469e-01
7.145411764139064648e-02 5.971667799331705773e-01 9.754000000000000448e-01 8.499999999999999778e-01
4.783524902989249455e-02 6.215052227051731659e-01 9.858000000000000096e-01 8.519999999999999796e-01
8.277707098609481118e-02 5.940238356351134064e-01 9.724000000000000421e-01 8.446000000000000174e-01
8.877222119479746820e-02 5.943265016855541205e-01 9.677999999999999936e-01 8.504000000000000448e-01
7.250466355504178728e-02 6.067926170235379280e-01 9.734000000000000430e-01 8.524000000000000465e-01
7.332209526187252746e-02 5.905833610297386294e-01 9.747000000000000108e-01 8.566000000000000281e-01
6.173075043841801113e-02 5.958977231784913231e-01 9.795000000000000373e-01 8.568000000000000060e-01
8.763974096935656100e-02 6.467621157705824020e-01 9.685000000000000275e-01 8.451999999999999513e-01
9.216168135349257773e-02 5.913698824762410045e-01 9.656000000000000139e-01 8.487999999999999989e-01
1.042116422654921493e-01 6.557723255765844916e-01 9.586000000000000076e-01 8.416000000000000147e-01
5.060207613461936010e-02 5.672815044826782227e-01 9.840999999999999748e-01 8.571999999999999620e-01
5.648270453946079017e-02 5.942452297658095128e-01 9.801999999999999602e-01 8.549999999999999822e-01
6.056130139082147035e-02 6.076796784569288290e-01 9.815000000000000391e-01 8.544000000000000483e-01
7.182704624651239933e-02 5.813506945049347063e-01 9.768000000000000016e-01 8.539999999999999813e-01
4.159039609018119754e-02 5.871565992720503280e-01 9.877000000000000224e-01 8.568000000000000060e-01
6.185521693752183553e-02 6.105878803112795294e-01 9.799999999999999822e-01 8.539999999999999813e-01
5.267938408813629264e-02 6.223477794117340256e-01 9.816000000000000281e-01 8.519999999999999796e-01
8.676814703590655931e-02 6.056328006470902414e-01 9.695000000000000284e-01 8.469999999999999751e-01
6.612594202530720777e-02 6.110556943946728881e-01 9.768000000000000016e-01 8.548000000000000043e-01
9.604508169236708470e-02 6.383335485525665209e-01 9.646000000000000130e-01 8.404000000000000359e-01
1.003585118434120738e-01 6.537067225584194397e-01 9.634000000000000341e-01 8.506000000000000227e-01
5.154379504060061651e-02 5.913902909100977601e-01 9.837000000000000188e-01 8.579999999999999849e-01
6.736768245260224552e-02 5.879955914649115378e-01 9.768999999999999906e-01 8.511999999999999567e-01
4.623813446170124686e-02 5.728489619190072490e-01 9.857000000000000206e-01 8.558000000000000052e-01
6.484270973750573541e-02 6.221209602256246862e-01 9.778999999999999915e-01 8.454000000000000403e-01
6.841867763482621656e-02 6.327984672290154489e-01 9.749999999999999778e-01 8.484000000000000430e-01
5.529544943915419564e-02 5.979303999581226936e-01 9.816000000000000281e-01 8.531999999999999584e-01
5.657400517853193589e-02 5.824977928784924597e-01 9.830999999999999739e-01 8.576000000000000290e-01
6.288572874603497176e-02 6.588732960964244212e-01 9.772999999999999465e-01 8.499999999999999778e-01
1.247996493565199649e-01 7.053836840910349126e-01 9.512000000000000455e-01 8.397999999999999909e-01
6.659219966069347685e-02 6.108829955772884235e-01 9.751999999999999558e-01 8.511999999999999567e-01
5.894788183948251187e-02 6.331670504942948918e-01 9.799999999999999822e-01 8.544000000000000483e-01
5.684160434750019919e-02 6.120672297895822789e-01 9.808999999999999941e-01 8.551999999999999602e-01
9.698565660325352000e-02 6.192990693981837991e-01 9.648999999999999799e-01 8.516000000000000236e-01
8.408522796719498926e-02 6.404184068053357937e-01 9.678999999999999826e-01 8.511999999999999567e-01
6.119672482548539627e-02 5.898379881925945867e-01 9.808000000000000052e-01 8.554000000000000492e-01
6.761998061192614484e-02 6.173448678304366277e-01 9.782999999999999474e-01 8.464000000000000412e-01
1.161880572710820569e-01 6.687410908134701071e-01 9.612000000000000544e-01 8.464000000000000412e-01
5.454368252290164171e-02 6.117924447544430544e-01 9.816000000000000281e-01 8.579999999999999849e-01
8.493544640088322717e-02 6.409414619725111173e-01 9.715000000000000302e-01 8.424000000000000377e-01
6.616710043833812227e-02 6.743862601587146122e-01 9.760999999999999677e-01 8.486000000000000210e-01
1.052156255770236581e-01 6.112997739894945326e-01 9.605000000000000204e-01 8.484000000000000430e-01
4.976302237116274341e-02 5.598317023203055465e-01 9.861999999999999655e-01 8.574000000000000510e-01
6.337954302572654242e-02 6.116068968438701514e-01 9.784000000000000474e-01 8.477999999999999980e-01
4.520814788649931554e-02 5.557451009300821143e-01 9.871999999999999664e-01 8.551999999999999602e-01
6.831557232884287456e-02 6.004293649702123759e-01 9.779999999999999805e-01 8.586000000000000298e-01
1.009751966395367184e-01 6.502463799572617553e-01 9.627000000000000002e-01 8.491999999999999549e-01
6.522464366436417360e-02 6.503237081456161306e-01 9.759999999999999787e-01 8.461999999999999522e-01
1.219336286441239092e-01 6.488969366366891256e-01 9.544000000000000261e-01 8.357999999999999874e-01
9.993361562617585070e-02 6.667272092163594177e-01 9.654000000000000359e-01 8.447999999999999954e-01
5.198156143832916021e-02 5.573981133551717537e-01 9.848000000000000087e-01 8.604000000000000536e-01
5.344865149216574546e-02 5.902216214943722949e-01 9.828000000000000069e-01 8.546000000000000263e-01
7.619034475264248318e-02 6.276617332807969962e-01 9.727999999999999980e-01 8.481999999999999540e-01
7.027832092924085616e-02 6.511881161752536284e-01 9.758999999999999897e-01 8.576000000000000290e-01
1.586773505940212992e-01 7.010847178655603695e-01 9.425000000000000044e-01 8.359999999999999654e-01
6.388324146252545577e-02 6.358326621164779313e-01 9.780999999999999694e-01 8.531999999999999584e-01
6.698862079973295913e-02 6.135634007743870910e-01 9.752999999999999448e-01 8.544000000000000483e-01
9.225315015033763721e-02 6.222426456634693182e-01 9.638999999999999790e-01 8.414000000000000368e-01
1.171609424573763353e-01 6.668960687912360852e-01 9.599999999999999645e-01 8.451999999999999513e-01
6.370491401521574670e-02 5.938669720932886475e-01 9.798000000000000043e-01 8.494000000000000439e-01
9.043536164066136307e-02 6.143241056714521253e-01 9.666000000000000147e-01 8.456000000000000183e-01
5.911986968723713376e-02 6.227604931242288755e-01 9.796000000000000263e-01 8.501999999999999558e-01
3.843749301772506760e-02 5.888774922482785668e-01 9.887000000000000233e-01 8.544000000000000483e-01
6.114785557791389131e-02 5.948938043295339817e-01 9.794000000000000483e-01 8.491999999999999549e-01
4.769626878497818662e-02 5.823612393120701780e-01 9.846000000000000307e-01 8.594000000000000528e-01
5.060822015437952542e-02 5.832849034056781790e-01 9.846000000000000307e-01 8.528000000000000025e-01
5.770048192776516816e-02 6.042560244663005564e-01 9.808999999999999941e-01 8.521999999999999575e-01
5.401943838159740940e-02 6.120990465874434072e-01 9.826000000000000290e-01 8.524000000000000465e-01
5.455181156401060771e-02 6.257127377857110151e-01 9.804000000000000492e-01 8.457999999999999963e-01
5.983579797308909848e-02 6.224830984228363340e-01 9.807000000000000162e-01 8.494000000000000439e-01
5.331546074220244735e-02 6.223530817544440374e-01 9.829999999999999849e-01 8.564000000000000501e-01
7.207572512107723872e-02 6.277773335853312764e-01 9.759999999999999787e-01 8.514000000000000457e-01
1.160235677500795620e-01 6.985473161505447726e-01 9.549999999999999600e-01 8.349999999999999645e-01
6.496978446521772810e-02 5.513535029792552278e-01 9.789999999999999813e-01 8.531999999999999584e-01
6.367761036940138009e-02 6.026418091028419299e-01 9.781999999999999584e-01 8.559999999999999831e-01
1.189954485523255223e-01 6.461235248824271915e-01 9.586000000000000076e-01 8.491999999999999549e-01
9.006413185107363384e-02 6.503020530957767109e-01 9.667999999999999927e-01 8.407999999999999918e-01
5.920983396671412879e-02 6.059452222278357558e-01 9.809999999999999831e-01 8.508000000000000007e-01
1.195636771014000760e-01 6.864870994285127148e-01 9.565000000000000169e-01 8.411999999999999478e-01
4.155920797114053683e-02 5.934167936808679711e-01 9.881999999999999673e-01 8.554000000000000492e-01
7.986380127419036301e-02 6.451605029528822977e-01 9.717000000000000082e-01 8.476000000000000201e-01
1.300616907585702697e-01 6.884335421004955657e-01 9.550999999999999490e-01 8.431999999999999496e-01
6.934147353993543039e-02 6.006932879176815065e-01 9.757000000000000117e-01 8.501999999999999558e-01
4.720743902308191520e-02 5.915812361674422926e-01 9.872999999999999554e-01 8.559999999999999831e-01
5.121637561407571537e-02 6.186155242480473326e-01 9.824000000000000510e-01 8.578000000000000069e-01
9.227752921195973845e-02 6.592297574530046056e-01 9.658999999999999808e-01 8.456000000000000183e-01
5.650329741568681230e-02 5.893256988728114987e-01 9.805000000000000382e-01 8.544000000000000483e-01
4.201080362892855441e-02 6.039061638143109478e-01 9.874000000000000554e-01 8.524000000000000465e-01
