1.574999988079071045e-01
1.604000031948089600e-01
2.067999988794326782e-01
2.574000060558319092e-01
2.928999960422515869e-01
3.332999944686889648e-01
3.594999909400939941e-01
3.842000067234039307e-01
4.014999866485595703e-01
4.250999987125396729e-01
4.361000061035156250e-01
4.449999928474426270e-01
4.659999907016754150e-01
4.648999869823455811e-01
4.754999876022338867e-01
4.841000139713287354e-01
4.824999868869781494e-01
4.939999878406524658e-01
5.019999742507934570e-01
5.070000290870666504e-01
5.069000124931335449e-01
5.160999894142150879e-01
5.112000107765197754e-01
5.246000289916992188e-01
5.242000222206115723e-01
5.268999934196472168e-01
5.336999893188476562e-01
5.320000052452087402e-01
5.436999797821044922e-01
5.390999913215637207e-01
5.404000282287597656e-01
5.453000068664550781e-01
5.440999865531921387e-01
5.440000295639038086e-01
5.449000000953674316e-01
5.447999835014343262e-01
5.532000064849853516e-01
5.541999936103820801e-01
5.534999966621398926e-01
5.594000220298767090e-01
5.555999875068664551e-01
5.558000206947326660e-01
5.616999864578247070e-01
5.651000142097473145e-01
5.655999779701232910e-01
5.692999958992004395e-01
5.670999884605407715e-01
5.649999976158142090e-01
5.680000185966491699e-01
5.692999958992004395e-01
5.712000131607055664e-01
5.789999961853027344e-01
5.723000168800354004e-01
5.716000199317932129e-01
5.738999843597412109e-01
5.738999843597412109e-01
5.839999914169311523e-01
5.798000097274780273e-01
5.816000103950500488e-01
5.884000062942504883e-01
5.803999900817871094e-01
5.870000123977661133e-01
5.820999741554260254e-01
5.879999995231628418e-01
5.856999754905700684e-01
5.881000161170959473e-01
5.916000008583068848e-01
5.932000279426574707e-01
5.938000082969665527e-01
5.881000161170959473e-01
5.885000228881835938e-01
5.909000039100646973e-01
5.942999720573425293e-01
5.906999707221984863e-01
5.916000008583068848e-01
5.957000255584716797e-01
5.924000144004821777e-01
5.967000126838684082e-01
5.950000286102294922e-01
5.943999886512756348e-01
5.989000201225280762e-01
5.928000211715698242e-01
6.025000214576721191e-01
5.972999930381774902e-01
6.018999814987182617e-01
6.011000275611877441e-01
5.957999825477600098e-01
6.061999797821044922e-01
6.092000007629394531e-01
6.074000000953674316e-01
6.086999773979187012e-01
6.040999889373779297e-01
6.090000271797180176e-01
5.982999801635742188e-01
6.072000265121459961e-01
6.021999716758728027e-01
6.111000180244445801e-01
6.108000278472900391e-01
6.082999706268310547e-01
6.126999855041503906e-01
6.133999824523925781e-01
6.110000014305114746e-01
6.123999953269958496e-01
6.133000254631042480e-01
6.144000291824340820e-01
6.087999939918518066e-01
6.097999811172485352e-01
6.129999756813049316e-01
6.110000014305114746e-01
6.129000186920166016e-01
6.111999750137329102e-01
6.151999831199645996e-01
6.171000003814697266e-01
6.155999898910522461e-01
6.161999702453613281e-01
6.159999966621398926e-01
6.161999702453613281e-01
6.208999752998352051e-01
6.144000291824340820e-01
6.213999986648559570e-01
6.176000237464904785e-01
6.171000003814697266e-01
6.237999796867370605e-01
6.183000206947326660e-01
6.140000224113464355e-01
6.208999752998352051e-01
6.169999837875366211e-01
6.187999844551086426e-01
6.157000064849853516e-01
6.147999763488769531e-01
6.247000098228454590e-01
6.216999888420104980e-01
6.205000281333923340e-01
6.207000017166137695e-01
6.258000135421752930e-01
6.236000061035156250e-01
6.226999759674072266e-01
6.241999864578247070e-01
6.236000061035156250e-01
6.219000220298767090e-01
6.266999840736389160e-01
6.262999773025512695e-01
6.241000294685363770e-01
6.262000203132629395e-01
6.179999709129333496e-01
6.220999956130981445e-01
6.256999969482421875e-01
6.279000043869018555e-01
6.276000142097473145e-01
6.237000226974487305e-01
6.262999773025512695e-01
6.302999854087829590e-01
6.327000260353088379e-01
6.287000179290771484e-01
6.316999793052673340e-01
6.255999803543090820e-01
6.270999908447265625e-01
6.316000223159790039e-01
6.269999742507934570e-01
6.355000138282775879e-01
6.406999826431274414e-01
6.316000223159790039e-01
6.326000094413757324e-01
6.291000247001647949e-01
6.295999884605407715e-01
6.299999952316284180e-01
6.341000199317932129e-01
6.359999775886535645e-01
6.351000070571899414e-01
6.359000205993652344e-01
6.356999874114990234e-01
6.304000020027160645e-01
6.351000070571899414e-01
6.333000063896179199e-01
6.366000175476074219e-01
6.341999769210815430e-01
6.326000094413757324e-01
6.337000131607055664e-01
6.358000040054321289e-01
6.403999924659729004e-01
6.358000040054321289e-01
6.299999952316284180e-01
6.328999996185302734e-01
6.347000002861022949e-01
6.377000212669372559e-01
6.374999880790710449e-01
6.363000273704528809e-01
6.359000205993652344e-01
6.431000232696533203e-01
6.380000114440917969e-01
6.338000297546386719e-01
6.371999979019165039e-01
6.352000236511230469e-01
6.378999948501586914e-01
6.373999714851379395e-01
6.362000107765197754e-01
6.374999880790710449e-01
6.341000199317932129e-01
6.347000002861022949e-01
6.414999961853027344e-01
6.420000195503234863e-01
6.384999752044677734e-01
6.395999789237976074e-01
6.435999870300292969e-01
6.376000046730041504e-01
6.399999856948852539e-01
6.402000188827514648e-01
6.389999985694885254e-01
6.387000083923339844e-01
6.427000164985656738e-01
6.438000202178955078e-01
6.410999894142150879e-01
6.391000151634216309e-01
6.420000195503234863e-01
6.452999711036682129e-01
6.434999704360961914e-01
6.524999737739562988e-01
6.456000208854675293e-01
6.413999795913696289e-01
6.438999772071838379e-01
6.409999728202819824e-01
6.474000215530395508e-01
6.481000185012817383e-01
6.453999876976013184e-01
6.450999975204467773e-01
6.435999870300292969e-01
6.460000276565551758e-01
6.543999910354614258e-01
6.467000246047973633e-01
6.484000086784362793e-01
6.492000222206115723e-01
6.478999853134155273e-01
6.452999711036682129e-01
6.384000182151794434e-01
6.434999704360961914e-01
6.474000215530395508e-01
6.448000073432922363e-01
6.410999894142150879e-01
6.467999815940856934e-01
6.485999822616577148e-01
6.470999717712402344e-01
6.503999829292297363e-01
6.445000171661376953e-01
6.503999829292297363e-01
6.470999717712402344e-01
6.513000130653381348e-01
6.467000246047973633e-01
6.474999785423278809e-01
6.492999792098999023e-01
6.481000185012817383e-01
6.464999914169311523e-01
6.524999737739562988e-01
6.507999897003173828e-01
6.516000032424926758e-01
6.539999842643737793e-01
6.527000069618225098e-01
6.496000289916992188e-01
6.442000269889831543e-01
6.578000187873840332e-01
6.496999859809875488e-01
6.524000167846679688e-01
6.517000198364257812e-01
6.523000001907348633e-01
6.511999964714050293e-01
6.510000228881835938e-01
6.511999964714050293e-01
6.553999781608581543e-01
6.556000113487243652e-01
6.531000137329101562e-01
6.510000228881835938e-01
6.514000296592712402e-01
6.504999995231628418e-01
6.524999737739562988e-01
6.532999873161315918e-01
6.557999849319458008e-01
6.542000174522399902e-01
6.535000205039978027e-01
6.546999812126159668e-01
6.581000089645385742e-01
6.547999978065490723e-01
6.583999991416931152e-01
6.592000126838684082e-01
6.575999855995178223e-01
6.535000205039978027e-01
6.571000218391418457e-01
6.613000035285949707e-01
6.577000021934509277e-01
6.575000286102294922e-01
6.549000144004821777e-01
6.560999751091003418e-01
6.601999998092651367e-01
6.517000198364257812e-01
6.554999947547912598e-01
6.574000120162963867e-01
6.588000059127807617e-01
6.557999849319458008e-01
6.582000255584716797e-01
6.586999893188476562e-01
6.597999930381774902e-01
6.585000157356262207e-01
6.531999707221984863e-01
6.570000052452087402e-01
6.600000262260437012e-01
6.592000126838684082e-01
6.646000146865844727e-01
6.596000194549560547e-01
6.597999930381774902e-01
6.571000218391418457e-01
6.592000126838684082e-01
6.579999923706054688e-01
6.618000268936157227e-01
6.567000150680541992e-01
6.632000207901000977e-01
6.579999923706054688e-01
6.608999967575073242e-01
6.559000015258789062e-01
6.577000021934509277e-01
6.625999808311462402e-01
6.622999906539916992e-01
6.628999710083007812e-01
6.567000150680541992e-01
6.603000164031982422e-01
6.613000035285949707e-01
6.650000214576721191e-01
6.643999814987182617e-01
6.651999950408935547e-01
6.579999923706054688e-01
6.657000184059143066e-01
6.607999801635742188e-01
6.601999998092651367e-01
6.639999747276306152e-01
6.585000157356262207e-01
6.644999980926513672e-01
6.676999926567077637e-01
6.632999777793884277e-01
6.679999828338623047e-01
6.624000072479248047e-01
6.621999740600585938e-01
6.625999808311462402e-01
6.599000096321105957e-01
6.640999913215637207e-01
6.629999876022338867e-01
6.618999838829040527e-01
6.610999703407287598e-01
6.679000258445739746e-01
6.604999899864196777e-01
6.618999838829040527e-01
6.625999808311462402e-01
6.614999771118164062e-01
6.589000225067138672e-01
6.661000251770019531e-01
6.617000102996826172e-01
6.685000061988830566e-01
6.646999716758728027e-01
6.632000207901000977e-01
6.643999814987182617e-01
6.608999967575073242e-01
6.636999845504760742e-01
6.661999821662902832e-01
6.647999882698059082e-01
6.661999821662902832e-01
6.690999865531921387e-01
6.650999784469604492e-01
6.654999852180480957e-01
6.621000170707702637e-01
6.669999957084655762e-01
6.596999764442443848e-01
6.632000207901000977e-01
6.644999980926513672e-01
6.682999730110168457e-01
6.631000041961669922e-01
6.643999814987182617e-01
6.632000207901000977e-01
6.662999987602233887e-01
6.715999841690063477e-01
6.639000177383422852e-01
6.667000055313110352e-01
6.675000190734863281e-01
6.690999865531921387e-01
6.658999919891357422e-01
6.650999784469604492e-01
6.699000000953674316e-01
6.714000105857849121e-01
6.685000061988830566e-01
6.697000265121459961e-01
6.667000055313110352e-01
6.676999926567077637e-01
6.649000048637390137e-01
6.715999841690063477e-01
6.649000048637390137e-01
6.668999791145324707e-01
6.740000247955322266e-01
6.719999909400939941e-01
6.715999841690063477e-01
6.718999743461608887e-01
6.700000166893005371e-01
6.654000282287597656e-01
6.685000061988830566e-01
6.693999767303466797e-01
6.683999896049499512e-01
6.740999817848205566e-01
6.687999963760375977e-01
6.712999939918518066e-01
6.686999797821044922e-01
6.704999804496765137e-01
6.658999919891357422e-01
6.708999872207641602e-01
6.676999926567077637e-01
6.683999896049499512e-01
6.708999872207641602e-01
6.703000068664550781e-01
6.664999723434448242e-01
6.717000007629394531e-01
6.683999896049499512e-01
6.725999712944030762e-01
6.718999743461608887e-01
6.689000129699707031e-01
6.694999933242797852e-01
6.705999970436096191e-01
6.676999926567077637e-01
6.693000197410583496e-01
6.715999841690063477e-01
6.692000031471252441e-01
6.711000204086303711e-01
6.694999933242797852e-01
6.711000204086303711e-01
6.751999855041503906e-01
6.704000234603881836e-01
6.757000088691711426e-01
6.733000278472900391e-01
6.715000271797180176e-01
6.722000241279602051e-01
6.710000038146972656e-01
6.714000105857849121e-01
6.740000247955322266e-01
6.686999797821044922e-01
6.750000119209289551e-01
6.703000068664550781e-01
6.711000204086303711e-01
6.729999780654907227e-01
6.743000149726867676e-01
6.686999797821044922e-01
6.653000116348266602e-01
6.686000227928161621e-01
6.719999909400939941e-01
6.736999750137329102e-01
6.753000020980834961e-01
6.705999970436096191e-01
6.718000173568725586e-01
6.704000234603881836e-01
6.761999726295471191e-01
6.772000193595886230e-01
6.739000082015991211e-01
6.721000075340270996e-01
6.758000254631042480e-01
6.746000051498413086e-01
6.771000027656555176e-01
6.733000278472900391e-01
6.743000149726867676e-01
6.733999848365783691e-01
6.722999811172485352e-01
6.721000075340270996e-01
6.712999939918518066e-01
6.732000112533569336e-01
6.765000224113464355e-01
6.628999710083007812e-01
6.719999909400939941e-01
6.755999922752380371e-01
6.759999990463256836e-01
6.762999892234802246e-01
6.743999719619750977e-01
6.679000258445739746e-01
6.793000102043151855e-01
6.794999837875366211e-01
6.710000038146972656e-01
6.701999902725219727e-01
6.759999990463256836e-01
6.740999817848205566e-01
6.740000247955322266e-01
6.771000027656555176e-01
6.726999878883361816e-01
6.757000088691711426e-01
6.743000149726867676e-01
6.711000204086303711e-01
6.729999780654907227e-01
6.733000278472900391e-01
6.735000014305114746e-01
6.736000180244445801e-01
6.751000285148620605e-01
6.807000041007995605e-01
6.784999966621398926e-01
6.728000044822692871e-01
6.779999732971191406e-01
6.746000051498413086e-01
6.740000247955322266e-01
6.751999855041503906e-01
6.707999706268310547e-01
6.733999848365783691e-01
6.758000254631042480e-01
6.743999719619750977e-01
6.718999743461608887e-01
6.762999892234802246e-01
6.753000020980834961e-01
6.737999916076660156e-01
6.784999966621398926e-01
6.794000267982482910e-01
6.779000163078308105e-01
6.773999929428100586e-01
6.736999750137329102e-01
6.705999970436096191e-01
6.744999885559082031e-01
6.757000088691711426e-01
6.772999763488769531e-01
6.762999892234802246e-01
6.777999997138977051e-01
6.757000088691711426e-01
6.743999719619750977e-01
6.758999824523925781e-01
6.790999770164489746e-01
6.755999922752380371e-01
6.725000143051147461e-01
6.779999732971191406e-01
6.726999878883361816e-01
6.743000149726867676e-01
6.721000075340270996e-01
6.714000105857849121e-01
6.751000285148620605e-01
6.725000143051147461e-01
6.769999861717224121e-01
6.743999719619750977e-01
6.748999953269958496e-01
6.715999841690063477e-01
6.743000149726867676e-01
6.783999800682067871e-01
6.776000261306762695e-01
6.764000058174133301e-01
6.812999844551086426e-01
6.754000186920166016e-01
6.814000010490417480e-01
6.798999905586242676e-01
6.820999979972839355e-01
6.780999898910522461e-01
6.743000149726867676e-01
6.786999702453613281e-01
6.815000176429748535e-01
6.807000041007995605e-01
6.766999959945678711e-01
6.761000156402587891e-01
6.791999936103820801e-01
6.807000041007995605e-01
6.793000102043151855e-01
6.811000108718872070e-01
6.820999979972839355e-01
6.783000230789184570e-01
6.826000213623046875e-01
6.840999722480773926e-01
6.786999702453613281e-01
6.794000267982482910e-01
6.822000145912170410e-01
6.808000206947326660e-01
6.802999973297119141e-01
6.783999800682067871e-01
6.775000095367431641e-01
6.779000163078308105e-01
6.801999807357788086e-01
6.833000183105468750e-01
6.825000047683715820e-01
6.784999966621398926e-01
6.765000224113464355e-01
6.800000071525573730e-01
6.805999875068664551e-01
6.769000291824340820e-01
6.773999929428100586e-01
6.766999959945678711e-01
6.768000125885009766e-01
6.800000071525573730e-01
6.786999702453613281e-01
6.786999702453613281e-01
6.772000193595886230e-01
6.819000244140625000e-01
6.786999702453613281e-01
6.830000281333923340e-01
6.772000193595886230e-01
6.844999790191650391e-01
6.832000017166137695e-01
6.783999800682067871e-01
6.819999814033508301e-01
6.794999837875366211e-01
6.816999912261962891e-01
6.812000274658203125e-01
6.769000291824340820e-01
6.855999827384948730e-01
6.858000159263610840e-01
6.858000159263610840e-01
6.837000250816345215e-01
6.797000169754028320e-01
6.845999956130981445e-01
6.790999770164489746e-01
6.883999705314636230e-01
6.848999857902526855e-01
6.765000224113464355e-01
6.794999837875366211e-01
6.829000115394592285e-01
6.815999746322631836e-01
6.854000091552734375e-01
6.797000169754028320e-01
6.776000261306762695e-01
6.826999783515930176e-01
6.812999844551086426e-01
6.764000058174133301e-01
6.804000139236450195e-01
6.794000267982482910e-01
6.829000115394592285e-01
6.836000084877014160e-01
6.819000244140625000e-01
6.822000145912170410e-01
6.894000172615051270e-01
6.869000196456909180e-01
6.840000152587890625e-01
6.829000115394592285e-01
6.819999814033508301e-01
6.814000010490417480e-01
6.876999735832214355e-01
6.819999814033508301e-01
6.848000288009643555e-01
6.825000047683715820e-01
6.790000200271606445e-01
6.841999888420104980e-01
6.757000088691711426e-01
6.826999783515930176e-01
6.797000169754028320e-01
6.830999851226806641e-01
6.832000017166137695e-01
6.837000250816345215e-01
6.782000064849853516e-01
6.840999722480773926e-01
6.822000145912170410e-01
6.808999776840209961e-01
6.847000122070312500e-01
6.836000084877014160e-01
6.825000047683715820e-01
6.798999905586242676e-01
6.869000196456909180e-01
6.826999783515930176e-01
6.826000213623046875e-01
6.826999783515930176e-01
6.863999962806701660e-01
6.830999851226806641e-01
6.830000281333923340e-01
6.876000165939331055e-01
6.837000250816345215e-01
6.804000139236450195e-01
6.852999925613403320e-01
6.856999993324279785e-01
6.887999773025512695e-01
6.873000264167785645e-01
6.891000270843505859e-01
6.811000108718872070e-01
6.826000213623046875e-01
6.843000054359436035e-01
6.868000030517578125e-01
6.880000233650207520e-01
6.757000088691711426e-01
6.854000091552734375e-01
6.845999956130981445e-01
6.851000189781188965e-01
6.815000176429748535e-01
6.840000152587890625e-01
6.840000152587890625e-01
6.850000023841857910e-01
6.862000226974487305e-01
6.797999739646911621e-01
6.858000159263610840e-01
6.823999881744384766e-01
6.808999776840209961e-01
6.858999729156494141e-01
6.881999969482421875e-01
6.818000078201293945e-01
6.793000102043151855e-01
6.862999796867370605e-01
6.884999871253967285e-01
6.906999945640563965e-01
6.898000240325927734e-01
6.912999749183654785e-01
6.905000209808349609e-01
6.916000247001647949e-01
6.887999773025512695e-01
6.854000091552734375e-01
6.894000172615051270e-01
6.861000061035156250e-01
6.834999918937683105e-01
6.883000135421752930e-01
6.823999881744384766e-01
6.865000128746032715e-01
6.872000098228454590e-01
6.840999722480773926e-01
6.880000233650207520e-01
6.833999752998352051e-01
6.836000084877014160e-01
6.819999814033508301e-01
6.845999956130981445e-01
6.897000074386596680e-01
6.837000250816345215e-01
6.912000179290771484e-01
6.829000115394592285e-01
6.845999956130981445e-01
6.858000159263610840e-01
6.820999979972839355e-01
6.850000023841857910e-01
6.908000111579895020e-01
6.852999925613403320e-01
6.905000209808349609e-01
6.912999749183654785e-01
6.872000098228454590e-01
6.883000135421752930e-01
6.863999962806701660e-01
6.893000006675720215e-01
6.872000098228454590e-01
6.800000071525573730e-01
6.844000220298767090e-01
6.822999715805053711e-01
6.880999803543090820e-01
6.856999993324279785e-01
6.886000037193298340e-01
6.845999956130981445e-01
6.850000023841857910e-01
6.887000203132629395e-01
6.897000074386596680e-01
6.872000098228454590e-01
6.898999810218811035e-01
6.888999938964843750e-01
6.891000270843505859e-01
6.862999796867370605e-01
6.840000152587890625e-01
6.898000240325927734e-01
6.884999871253967285e-01
6.926000118255615234e-01
6.855000257492065430e-01
6.837000250816345215e-01
6.854000091552734375e-01
6.830999851226806641e-01
6.886000037193298340e-01
6.848000288009643555e-01
6.883999705314636230e-01
6.883999705314636230e-01
6.894999742507934570e-01
6.901999711990356445e-01
6.858999729156494141e-01
6.851999759674072266e-01
6.833000183105468750e-01
6.859999895095825195e-01
6.876999735832214355e-01
6.873999834060668945e-01
6.830999851226806641e-01
6.826000213623046875e-01
6.868000030517578125e-01
6.837000250816345215e-01
6.843000054359436035e-01
6.890000104904174805e-01
6.851000189781188965e-01
6.884999871253967285e-01
6.880000233650207520e-01
6.881999969482421875e-01
6.891000270843505859e-01
6.863999962806701660e-01
6.834999918937683105e-01
6.888999938964843750e-01
6.912999749183654785e-01
6.909999847412109375e-01
6.894999742507934570e-01
6.880999803543090820e-01
6.844000220298767090e-01
6.870999932289123535e-01
6.883000135421752930e-01
6.834999918937683105e-01
6.856999993324279785e-01
6.898999810218811035e-01
6.866000294685363770e-01
6.762999892234802246e-01
6.876000165939331055e-01
6.873999834060668945e-01
6.848999857902526855e-01
6.905000209808349609e-01
6.870999932289123535e-01
6.879000067710876465e-01
6.876000165939331055e-01
6.879000067710876465e-01
6.877999901771545410e-01
6.905000209808349609e-01
6.905000209808349609e-01
6.899999976158142090e-01
6.887999773025512695e-01
6.869999766349792480e-01
6.848999857902526855e-01
6.848999857902526855e-01
6.840999722480773926e-01
6.837999820709228516e-01
6.883000135421752930e-01
6.865000128746032715e-01
6.873000264167785645e-01
6.919999718666076660e-01
6.847000122070312500e-01
6.845999956130981445e-01
6.905000209808349609e-01
6.887000203132629395e-01
6.887999773025512695e-01
6.850000023841857910e-01
6.879000067710876465e-01
6.876000165939331055e-01
6.879000067710876465e-01
6.863999962806701660e-01
6.848000288009643555e-01
6.880000233650207520e-01
6.841999888420104980e-01
6.837000250816345215e-01
6.895999908447265625e-01
6.822000145912170410e-01
6.901000142097473145e-01
6.930999755859375000e-01
6.915000081062316895e-01
6.876000165939331055e-01
6.895999908447265625e-01
6.869000196456909180e-01
6.868000030517578125e-01
6.891000270843505859e-01
6.909999847412109375e-01
6.891000270843505859e-01
6.890000104904174805e-01
6.911000013351440430e-01
6.887999773025512695e-01
6.894000172615051270e-01
6.866000294685363770e-01
6.865000128746032715e-01
6.898000240325927734e-01
6.893000006675720215e-01
6.883999705314636230e-01
6.887999773025512695e-01
6.879000067710876465e-01
6.920999884605407715e-01
6.891999840736389160e-01
6.947000026702880859e-01
6.909000277519226074e-01
6.912000179290771484e-01
6.913999915122985840e-01
6.894000172615051270e-01
6.901999711990356445e-01
6.891999840736389160e-01
6.935999989509582520e-01
6.909999847412109375e-01
6.877999901771545410e-01
6.905999779701232910e-01
6.906999945640563965e-01
6.858999729156494141e-01
6.884999871253967285e-01
6.883999705314636230e-01
6.909000277519226074e-01
6.862000226974487305e-01
6.901999711990356445e-01
6.848999857902526855e-01
6.881999969482421875e-01
6.877999901771545410e-01
6.880999803543090820e-01
6.912000179290771484e-01
6.906999945640563965e-01
6.879000067710876465e-01
6.901000142097473145e-01
6.909000277519226074e-01
6.906999945640563965e-01
6.929000020027160645e-01
6.919999718666076660e-01
6.898999810218811035e-01
6.899999976158142090e-01
6.870999932289123535e-01
6.851000189781188965e-01
6.883000135421752930e-01
6.898999810218811035e-01
6.905000209808349609e-01
6.879000067710876465e-01
6.909999847412109375e-01
6.891999840736389160e-01
6.875000000000000000e-01
6.873000264167785645e-01
6.887000203132629395e-01
6.894999742507934570e-01
6.826000213623046875e-01
6.927000284194946289e-01
6.912000179290771484e-01
6.887999773025512695e-01
6.898999810218811035e-01
6.880000233650207520e-01
6.869999766349792480e-01
6.868000030517578125e-01
6.901999711990356445e-01
6.879000067710876465e-01
6.862000226974487305e-01
6.855999827384948730e-01
6.894999742507934570e-01
6.880999803543090820e-01
6.927999854087829590e-01
6.876999735832214355e-01
6.926000118255615234e-01
6.919999718666076660e-01
6.887999773025512695e-01
6.906999945640563965e-01
6.915000081062316895e-01
6.863999962806701660e-01
6.947000026702880859e-01
6.906999945640563965e-01
6.880000233650207520e-01
6.869999766349792480e-01
6.876000165939331055e-01
6.863999962806701660e-01
6.873999834060668945e-01
6.852999925613403320e-01
6.904000043869018555e-01
6.927999854087829590e-01
6.902999877929687500e-01
6.923999786376953125e-01
6.897000074386596680e-01
6.868000030517578125e-01
6.923999786376953125e-01
6.872000098228454590e-01
6.941999793052673340e-01
6.926000118255615234e-01
6.891999840736389160e-01
6.883000135421752930e-01
6.848000288009643555e-01
6.894999742507934570e-01
6.888999938964843750e-01
6.862000226974487305e-01
6.911000013351440430e-01
6.931999921798706055e-01
6.934000253677368164e-01
6.941999793052673340e-01
6.902999877929687500e-01
6.873999834060668945e-01
6.891999840736389160e-01
6.904000043869018555e-01
6.898999810218811035e-01
6.897000074386596680e-01
6.888999938964843750e-01
6.858000159263610840e-01
6.905000209808349609e-01
6.875000000000000000e-01
6.888999938964843750e-01
6.920999884605407715e-01
6.913999915122985840e-01
6.937000155448913574e-01
6.948000192642211914e-01
6.904000043869018555e-01
6.875000000000000000e-01
6.880000233650207520e-01
6.863999962806701660e-01
6.952000260353088379e-01
6.923000216484069824e-01
6.934000253677368164e-01
6.937000155448913574e-01
6.902999877929687500e-01
6.916999816894531250e-01
6.893000006675720215e-01
6.866999864578247070e-01
6.960999965667724609e-01
6.922000050544738770e-01
6.970999836921691895e-01
6.948000192642211914e-01
6.909999847412109375e-01
6.909000277519226074e-01
6.949999928474426270e-01
6.935999989509582520e-01
6.869000196456909180e-01
6.911000013351440430e-01
6.911000013351440430e-01
6.923999786376953125e-01
6.905000209808349609e-01
6.870999932289123535e-01
6.895999908447265625e-01
6.919000148773193359e-01
6.937000155448913574e-01
6.898999810218811035e-01
6.854000091552734375e-01
6.873000264167785645e-01
6.909999847412109375e-01
6.930000185966491699e-01
6.906999945640563965e-01
6.875000000000000000e-01
6.888999938964843750e-01
6.913999915122985840e-01
6.905000209808349609e-01
6.927000284194946289e-01
6.940000057220458984e-01
6.923999786376953125e-01
6.944000124931335449e-01
6.922000050544738770e-01
6.911000013351440430e-01
6.893000006675720215e-01
6.909000277519226074e-01
6.905000209808349609e-01
6.895999908447265625e-01
6.952999830245971680e-01
6.893000006675720215e-01
